virus,realm,locus_tag,host,type,shape,accession,protein_id,coding,AAA,AAC,AAG,AAT,ACA,ACC,ACG,ACT,AGA,AGC,AGG,AGT,ATA,ATC,ATG,ATT,CAA,CAC,CAG,CAT,CCA,CCC,CCG,CCT,CGA,CGC,CGG,CGT,CTA,CTC,CTG,CTT,GAA,GAC,GAG,GAT,GCA,GCC,GCG,GCT,GGA,GGC,GGG,GGT,GTA,GTC,GTG,GTT,TAA,TAC,TAG,TAT,TCA,TCC,TCG,TCT,TGA,TGC,TGG,TGT,TTA,TTC,TTG,TTT
Porcine epidemic diarrhea virus,Riboviria,PEDVgp1,vertebrates,ss-RNA,linear,NC_003436,NP_598309_1,atggctagcaaccatgtcacattggcgtttgccaatgatgcagaaatttcggcttttggcttttgcactgctagtgaagccgtctcatactattctgaggccgccgctagtggatttatgcaatgccgttttgtgtccctcgatctcgctgacactgttgagggattgcttcctgaagactatgtcatggtggtgatcggcactaccaagcttagtgcgtatgtggacacttttggtagccgccccagaaacatttgtggttggctgttattttctaactgtaattacttcctcgaagagttagagctcacttttggtcgtcgtggtggtaacatcgtgccagttgaccaatacatgtgtggcgctgacgggaaacctgttcttcaggaatccgagtgggagtatacagatttcttcgctgactccgaagacggtcaactcaacattgctgggatcacttatgtgaaggcctggattgtagagcgatcggacgtctcttatgcgagtcagaatttaacatctattaagtctattacttactgttcaacctatgagcatacttttcttgatggtactgccatgaaggttgcacgtactccaaagatcaagaagaatgttgttttgtctgagccacttgctactatctacagggaaattggttccccttttgtggataatgggagcgatgctcgttctatcattaggagaccagtgttcctccacgcttttgttaagtgtaagtgtggtagttatcattggactgttggtgattggacttcctatgtctccacttgctgtggctttaagtgcaagccagtccttgtggcctcatgctctgctatgcctggttctgttgtggtcacacgcgctggtgctggcactggtgttaagtactacaacaacatgttcctgcgccatgtggctgacattgatggattggcattctggcgaattcttaaggtgcagtccaaagacgacctcgcttgctctggtaagttccttgaacaccatgaggaaggtttcacagacccttgctactttttgaatgattcgagccttgctactaagcttaagttcgacatccttagtggcaagttttctgatgaagtcaaacaagctatcattgctggtcatgttgttgttggcagtgcactcgttgacattgttgacgatgcactgggacaaccttggttcatacgtaagcttggtgaccttgcaagtgcaccttgggagcagcttaaggctgtcgttagaggccttggcctcttgtctgatgaggttgtgctctttggcaaaagacttagctgtgccactcttagtatcgttaacggcgtttttgagtttctcgccgatgtgccagagaagttggctgcggctgttacagtttttgtcaacttcttgaatgagttctttgagtctgcctgtgactgcttaaaggtcggaggtaagacattcaacaaggttggttcctatgttctttttgacaatgcattggttaagcttgtcaaggcaaaagctcgcggcccacgacaggcaggtatttgtgaagttcgctacacaagcctggttgttgggagtactaccaaggtggtttccaagcgcgttgaaaatgccaatgtgaatctcgtcgtcgttgacgaggatgtaaccctcaacaccactggtcgtacagttgtcgttgatggacttgcattcttcgagagtgacgggttttacagacatcttgctgatgctgacgttgtcatcgaacatcctgtttataagtctgcttgtgagctcaagccagtttttgagtgtgacccaatacctgattttcctttgcctgtggccgctagtgttgcagagctctgtgtgcaaaccgatctgttgcttaaaaattacaacactccttataaaacttacagctgcgtagtgagaggtgataagtgttgcatcacttgcaccttacagttcaaagcaccaagttatgtggaggatgctgttaattttgtagacctatgtaccaagaacattggtactgctggttttcatgagttttacataacggcccatgaacaacaggatctgcaagggtttttaaccacttgttgcacgatgtcaggttttgagtgttttatgcctacaatcccacagtgtccagcagtgcttgaagagattgatggtggtagcatatggcggtcttttatcactggtcttaatacaatgtgggatttttgcaagcgtcttaaagtcagctttggactggatggcattgttgtcactgtagcacgcaaatttaaacgacttggtgctcttttggcagaaatgtataacacttatctttcaactgtggtggaaaacttggtactggccggtgttagcttcaagtattatgccaccagtgtcccaaaaattgttttgggcggttgttttcacagtgttaaaagtgtttttgcaagtgtcttccagattcctgtccaggcaggcattgagaagtttaaagttttccttaactgtgttcaccctgttgtaccacgtgtcattgaaacttcttttgtggaattagaagagacgacatttaaaccaccagcactcaatggtggtattgctattgttgatggcttcgctttctattatgatggaacactatactatcccaccgatggtaatagtgttgtgcctatctgttttaagaagaaaggtggtggtgatgttaaattctctgatgaagtctctgttaaaaccattgatccagtttataaggtctcccttgaatttgagttcgagtctgagactattatggctgtgcttaataaggctgttggtaatcgtatcaaggttacaggtggttgggatgatgtcgttgagtatattaacgttgccattgaggttcttaaagatcacgttgaagtgcctaagtactacatctatgatgaggaaggtggcactgatcctaatctgcccgtaatggtttctcagtggccgttgaatgatgacacgatctcacaggacctgcttgatgtggaagttgttacggatgcaccaattgattccgagggtgatgaagtagactcctctgcacctgagaaggtggcagatgtggctaactctgaacctggggatgatggtcttcctgtggcacctgaaacaaatgtagagtctgaagttgaggaagttgccgcaaccttgtcctttattaaagatacaccttccacagttactaaggacccttttgcttttgactttgtaagctacggaggacttaaagttttaagacaatctcataacaattgttgggttacttctaccttggtgcagctacaattgcttggcatcgttgatgaccctgcaatggaactttttagtgctggtagagttggtccaatggttcgcaaatgttatgagtcacaaaaggctattttgggatctttgggtgatgtgtcggcttgcctagagtctctgactaaggacctacacacacttaagattacctgttctgtagtctgcggttgtggtactggtgaacgtatctatgagggttgtgcttttcgtatgacgccaactttggaaccgtttccatatggtgcttgtgctcagtgtgctcaagttttgatgcacacttttaaaagtattgttggcaccggcatcttttgccgagatactactgctctctccttggattctttggttgtaaaacctctttgtgcggctgcttttataggcaaggatagtggtcattatgtcaccaatttttatgatgctgctatggctattgatggttatggtcgtcatcagataaagtatgacacactgaacaccatttgtgttaaagacgtgaattggacagcacctcttgtccctgccgttgattctgtagtggagcctgttgtcaaaccattctattcttataagaatgttgatttttaccaaggagattttagtgaccttgttaaacttccatgtgactttgttgttaatgctgcaaatgagaagttgtctcatggtggcggcatagcaaaggccattgatgtttataccaagggcatgttgcagaagtgttcaaatgattacattaaagcacacggtcccattaaagttggacgtggtgtcatgttggaggcattaggtcttaaggtctttaatgttgttggtccacgtaagggtaagcatgcacctgagcttcttgttaaggcttataagtccgtttttgctaactcaggtgttgctcttacacctttgattagtgttggaatttttagtgttcctttggaagaatctttatctgcttttcttgcatgtgttggtgatcgccactgtaagtgcttttgttatggtgacaaagagcgcgaggcgatcattaagtacatggatggcttggtagatgctattttcaaagaggcgcttgttgacactactcctgtccaggaagatgttcaacaagtttcacaaaaaccagttttgcctaattttgaacctttcaggattgaaggtgctcatgctttctatgagtgcaaccctgaaggtttgatgtccttaggtgctgacaagctggtgttgtttacaaattccaatttggatttttgtagtgttggtaagtgtcttaacgatgtgaccagcggtgcattgcttgaagccataaatgtatttaaaaagagtaacaaaacagtgcctgctggcaactgtgttactttagattgtgcaaatatgatttctattactatggtagtattgccatttgatggtgatgctaattatgacaaaaattatgcacgcgccgttgtcaaggtatctaagcttaaaggcaagttagtgcttgctgttgatgatgccacgttgtattccaagttgtcccacctcagcgtgttaggtttcgtgtccacacctgacgatgtggagcgtttctacgcaaataagagtgtggttattaaagtcactgaggatacacgtagtgtcaaggctgttaaagtagaatccactgctacttatggacaacaaattggaccttgtcttgttaatgacaccgttgtcacagacaacaaacctgttgtcgctgacgttgtagctaaggttgtaccaaatgctaattgggattcacattatggttttgataaggctggtgagttccacatgctagaccatactgggtttacctttcctagcgaagttgttaacggtaggcgtgtgattaaaaccacagataataattgttgggttaatgtcacatgtttacaattacagtttgctagatttaggttcaagtcagcaggtctacaggctatgtgggagtcctattgtactggtgatgttgctatgtttgtgcattggttgtactggcttactggtgttgacaaaggtcagcctagtgattcagaaaatgcacttaacatgttgtccaagtacattgttcctgctggttctgtcactattgaacgtgtcacgcatgacggctgttgttgtagtaagcgtgttgttactgcaccagttgtgaatgctagtgtgttgaagcttggcgtcgaggatggcctttgtccacatggtcttaactacattggcaaagttgttgtagttaaaggtactacaattgttgtcaatgtaggaaaacctgtagtggcaccatcacacctctttcttaagggtgtatcctacacaacattcctagataatggtaacggtgttgtcggccattatactgtttttgatcatggcactggtatggtgcatgatggcgatgcttttgtaccgggtgatcttaatgtatctcctgttacaaatgttgttgtctcagagcagacggctgttgtgattaaagaccctgtgaagaaagcagagttagacgctactaagctgctcgacactatgaattatgcatcggaaagatttttttcctttggtgatttcatgtcacgtaatttaattacagtgtttttgtacatccttagcattttgggtctctgttttagagcctttcgtaagagagatgttaaagttctagctggtgtaccccaacgtactggtattatattgcgtaaaagtatgcgctataatgcaaaggcgttgggtgtctttttcaagctaaagctttattggttcaaagttcttggtaagtttagtctgggtatttatgcattgtatgcattactattcatgacaatacgctttacacctataggtagccccgtctgtgatgatgttgttgctggttatgctaattctagttttgacaagaatgagtactgcaacagtgttatttgtaaggtctgtctctatgggtaccaggaactctcggacttctcccacacacaggttgtatggcaacaccttagagacccattaattggtaatgtgatgcctttcttttatttggcatttttggcaatttttgggggtgtctatgtaaaggctattactctctattttattttccagtaccttaatagtcttggtgtgtttttgggcctacagcagtccatttggtttttgcagctcgtgccttttgatgtctttggtgatgagatcgtcgtctttttcatcgttacacgcgtattgatgttcattaagcatgtttgccttggctgcgataaggcatcttgtgtggcttgctctaagagtgctcgccttaagcgcgttcctgtccagactatctttcagggtactagtaaatccttctacgtacatgccaatggtggttctaagttctgtaagaagcacaatttcttttgtttaaattgtgattcttatggtccaggctgcacttttattaacgacgtcattgcaactgaagttggtaatgttgtcaaacttaatgtgcaaccgacaggtcctgccactattcttattgacaaggttgaattcagtaatggtttctactatctttatagtggtgacacattttggaagtacaactttgacataacagatagcaaatacacttgcaaagaggcacttaaaaattgtagcataatcacagactttattgtttttaacaataatggttccaatgtaaatcaggttaagaatgcatgtgtgtatttttcacagatgctttgtaaacctgttaagttagtggactcagcgttgttggccagtttgtctgttgattttggtgcaagcttacatagtgcttttgttagtgtgttgtcgaatagtttcggcaaagacctgtcaagttgtaatgacatgcaggattgcaagagcacattgggttttgatgatgtaccattggatacctttaatgctgctgttgctgaggctcatcgctatgatgtcctcttgactgacatgtcattcaacaattttaccaccagttatgcaaaaccagaggaaaaatttcccgtccatgacattgccacgtgtatgcgtgtaggtgccaagattgttaatcataacgttcttgtcaaggatagtatacctgtggtgtggcttgtacgtgatttcattgccctttcggaagaaactaggaagtacattattcgtacgactaaagttaagggtataacatttatgttgacctttaatgattgtcgtatgcatactaccatacctactgtttgcattgcaaataagaagggtgcaggtcttcctagtttttcaaaggttaagaaattcttttggtttttgtgtctgttcatagttgctgctttctttgcactaagctttcttgattttagtactcaggttagcagtgatagcgattatgatttcaagtatattgagagtggccagttgaagacttttgacaatccacttagttgtgtgcataatgtctttattaacttcgaccagtggcatgatgccaagtttggtttcacccccgtcaacaatcctagttgtcctatagttgttggtgtatcagacgaagctcgcactgttccaggtatcccagcaggtgtttatttagctggtaaaacacttgtgtttgctattaacaccatttttggtacatctggtttgtgcttcgatgctagtggcgttgctgataagggcgcttgcatttttaattcagcttgcaccacattatctggtttgggtggaactgctgtctactgttacaagaatgggctagttgaaggtgccaaactttatagtgagttggcacctcatagctactataaaatggtagatggtaatgctgtgtctttacctgaaattatttcacgcggctttggcatccgtactatccgtacaaaggctatgacttattgccgtgttggccagtgtgtgcagtctgcagaaggcgtttgttttggcgccgatagattctttgtctataatgcagaatctggttctgactttgtttgtggcacagggctcttcacattgttgatgaacgttattagtgttttttccaagacagtaccagtaactgtgttgtctggtcaaatactttttaattgcattattgcttttgttgctgttgcggtgtgtttcttatttacaaagtttaagcgcatgttcggtgatatgtctgttggcgttttcactgtcggtgcttgtactttgttgaacaatgtttcttacattgtaacacagaacacacttggcatgttgggctatgcaactttgtatttcttgtgcactaagggtgttagatatatgtggatttggcacttgggatttttgatctcatatattcttattgcaccatggtgggttttgatggtttatgccttttcagccatttttgagtttatgcctaacctttttaagcttaaggtttcaacacaactttttgagggcgacaagttcgtaggctcttttgaaaatgctgcagcaggtacatttgtgcttgatatgcatgcctatgagagacttgccaactctatctcaactgaaaaactgcgtcagtatgctagtacttacaataagtacaagtattattcaggcagtgcttcagaggctgattacaggcttgcttgttttgcccatttggccaaggctatgatggattatgcttctaatcataacgatacgttatacacaccacccactgtgagttacaattcaactctacaggctggcttgcgtaagatggcacaaccttctggtgttgttgagaagtgcatagtccgtgtttgctatggtaatatggctcttaatggcctatggcttggcgatattgttatgtgcccacgccatgttatagcgtctagtactactagcactatagattatgattatgccctttctgttttacgcctccacaacttctccatttcatctgggaatgttttcctaggtgttgtgagtgcaactatgcgaggtgctttgttgcagataaaggttaatcaaaacaatgtccacacgcctaagtacacctatcgcacagttagaccgggtgaatcttttaatattttggcgtgctatgatggtgctgcagctggtgtttacggcgttaacatgcgctctaattacactattagaggctcgttcattaatggcgcttgtggttcacctggttataatattaacaatggtaccgttgagttttgctatttacaccagcttgaacttggttcaggctgtcatgttggtagcgacttagatggtgttatgtatggtggttatgaggaccaacctactttgcaagttgaaggcgctagtagtctgtttacagagaatgtgttggcatttctttatgcagcactcattaatggttctacctggtggcttagttcttctaggatcgctgtagacaggtttaatgagtgggctgttcataatggtatgacaacagtgggcaatactgattgcttttctattcttgctgctaagactggagttgatgtacaacgtttgttggcctcaatccagtctctgcataagaattttggtggaaagcaaattcttggccatacctcgttgacagatgagtttactacaggtgaagttgtacgtcaaatgtatggcgttaatcttcagggtggctatgtgtcacgcgcctgcagaaatgtcttgctggttggttcttttctgactttcttttggtcagaattagtttcctacactaagttcttctgggtaaatcctggttatgttacacctatgtttgcgtgcttgtcattgctatcctcacttttgatgttcacactcaagcataagacattgtttttccaggtcttcttaatacctgctctgattgttacatcttgcattaatttggcatttgatgttgaagtctacaactatttggcagagcattttgattaccatgtttctcttatgggttttaatgcacaaggtcttgttaacatctttgtctgctttgttgttaccattttacacggcacatacacatggcgcttctttaatacacctgcgagttctgtcacttatgtggtagctttgctgactgcggcctataactatttttacgctagtgacattcttagttgtgctatgacactatttgctagtgtgactggcaactggttcgttggtgctgtttgttataaagttgctgtgtatatggccttgagatttcctacgttcgtggctatttttggtgatattaagagtgttatgttctgttaccttgtgttgggttattttacctgttgcttctacggtattctctactggttcaacaggttctttaaggttagtgtaggtgtctatgactatactgttagtgctgctgagtttaagtatatggttgctaatggcctacgtgcaccaactggaacacttgattcactactgttgtccgccaaattgattggtattggtggtgagcggaatattaagatttcttccgttcagtctaaactgactgatattaagtgtagtaacgttgtgcttttaggctgtctttctagcatgaatgtttcagcaaattcaacagaatgggcttattgtgttgacttgcataacaagatcaacttgtgtaatgacccagaaaaagcgcaggaaatgctacttgctttgttggcatttttccttagtaagaatagtgcctttggtttagacgacttattggaatcttattttaatgacaatagtatgttgcagagtgttgcatctacttatgtaggtttgccttcctatgtcatttatgaaaatgcacgccaacagtatgaagatgctgttaataatggttctccacctcagttggttaagcaattgcgccatgctatgaatgtagcaaagagcgaatttgaccgtgaggcttctactcagcgtaagcttgatagaatggcggaacaggctgcagcacagatgtataaagaggcaagggcagttaataggaagtccaaagttgtaagtgctatgcattcactgctttttggtatgttgagacgtttggatatgtcttctgtagacaccattctcaacttggcaaaggatggggtggtacctctgtctgtcataccggcagtcagtgctactaagcttaacattgttacctctgatatcgattcttataatcgtatccagcgtgagggatgtgtccactacgctggtaccatttggaatataattgatatcaaggacaatgatggcaaggtggtacacgttaaggaggtaaccgcacagaatgctgagtccctgtcatggcccctggtccttgggtgtgagcgtattgttaagctccagaataatgagattattcctggtaagctgaagcagcgctccattaaggcagaaggagatggcatagttggagaaggtaaggcactttacaataatgagggtggacgtacttttatgtatgctttcatttcagataaaccggacctgcgtgtagttaagtgggagttcgatggtggttgtaacactattgagctagaaccaccacgtaagttcttggtggattctcctaatggtgcacagatcaagtatctctactttgttcgtaaccttaacacgttgcgtaggggtgctgttcttggctacataggtgccactgtacgcttgcaggctggtaaacaaacagaacaggctattaactcttcattgttgacactttgcgctttcgctgtggatcctgctaagacctacatcgatgctgttaaaagtggtcacaaaccagtaggtaactgtgttaagatgttggccaatggttctggtaatggacaagctgttactaatggtgtggaggctagtactaaccaggattcatatggtggtgcttccgtgtgtctatattgtagagcacatgttgagcatccatctatggatggtttttgcagactgaaaggcaagtatgtacaggtgccactaggtacagtggatcctatacgttttgtacttgagaatgacgtttgcaaggtttgtggttgttggctgtctaatggctgcacttgtgacagatccattatgcaaagcactgatatggcttatttaaaccgagtacggggctctagtgcagctcgactagagccctgtaatggtactgatacacaacatgtgtatcgtgcttttgacatctacaacaaggatgttgcttgtctaggtaaattcctcaaggtgaactgtgttcgcctgaagaatttggataagcatgatgcattctatgttgtcaaaagatgtaccaagtctgcgatggaacacgagcaatccatctatagcagacttgaaaagtgtggggccatagccgaacacgatttcttcacttggaaggatggtcgtgcaatctatggtaacgtttgtagaaaggatcttaccgagtatactatgatggatctgtgttacgctttacgtaactttgatgaaaacaattgcgatgttcttaagagcattttgattaaggtaggtgcttgtgaggagtcctactttaataataaagtctggtttgaccctgttgaaaatgaagacattcatcgtgtctatgcattgttaggtaccattgttgcacgtgctatgcttaaatgcgttaagttctgtgatgcaatggttgaacaaggtatagttggtgttgtcacattagataatcaggatcttaatggtgatttttatgattttggtgattttacttgtagtatcaagggaatgggtgtacccatttgcacatcatattactcttatatgatgcctgttatgggtatgactaattgccttgctagtgagtgttttgttaagagtgatatatttggtgaggattttaagtcatatgacctgctggaatatgatttcacggagcataagacagcactcttcaacaagtatttcaagtattggggactgcaataccaccctaactgtgtggactgcagtgatgagcagtgcatagttcactgtgccaacttcaatacgttgttttccactaccatacctattacggcatttggacctttgtgtcgcaagtgctggattgatggtgttccactggtaactacagctggttatcattttaaacagttaggtatagtttggaataatgacctcaacttacactctagcaggctctctattaatgaattactccagttttgtagtgatcctgcactgcttatagcatcatcaccagcccttgttgaccagcgtactgtttgcttttcagttgcagcgctaggtacaggtatgactaaccagactgtgaaacctggccatttcaataaggagttttatgacttcttacttgagcaaggtttcttctctgagggctctgagcttactttaaagcacttcttctttgcacagaaggttgatgcagctgttaaggattttgactactataggtataatagacccactgttctggacatctgccaagctcgcgtcgtgtatcaaatagtgcaacgctattttgatatttacgagggtggttgtatcactgctaaagaagtggttgttacaaaccttaacaagagcgcaggctatcctttgaacaagtttggtaaagctggtctttactatgagtctttatcctatgaggaacaggatgaactttatgcttatactaagcgtaacatcctgcccactatgacacagctcaaccttaaatacgctattagtggcaaagaacgtgcacgcacagtgggtggtgtctcgcttttgtcaaccatgaccactcggcagtatcatcagaaacaccttaaatccatagttaatactaggggcgcttcggttgttattggtactactaagttttatggtggttgggacaatatgcttaagaaccttattgatggtgttgaaaatccgtgtcttatgggttgggattacccaaagtgcgatagagcactgcccaatatgatacgcatgatttcagccatgatcttaggctctaagcacaccacatgctgcagttctactgaccgctttttcaggttgtgcaatgaattggctcaagtccttactgaggttgtttattctaatggagggttttatttgaagccaggtggtactacctctggtgatgcaaccaccgcatatgcaaactcagttttcaatatcttccaagcagtaagtgccaatgttaacaaacttcttagtgttgacagcaatgtctgtcataacttagaagttaagcaattacaacgtaagctctatgagtgctgttatagatcgactatcgtcgatgaccagttcgtcgttgagtattatggttacttgcgtaaacatttttcaatgatgattctttctgatgatggcgttgtttgttataacaatgactatgcatcacttggttatgtcgcggatcttaacgcattcaaggctgttttgtattaccagaacaacgtcttcatgagcgcctctaaatgttggatcgagcctgacattaataaaggtcctcatgaattttgttcgcagcatactatgcagattgtcgataaggagggtacttattaccttccttaccctgatccttcaagaatcctctctgcaggtgtgtttgttgatgacgttgttaaaactgatgcagttgtattgcttgaacgttatgtgtcattggctatagatgcctacccgttatctaagcatgaaaaccctgaatataagaaggtgttttatgtgcttttggattgggttaagcatctgtataaaactttgaatgctggtgtgttagagtctttttctgtcacacttttggaagattctactgctaaattctgggatgagagcttttatgccaacatgtatgagaaatctgcagttttacaatctgcagggctttgtgttgtttgtggctctcaaactgttttacgttgtggtgattgtctacggcgtcctatgctttgtactaagtgtgcttatgatcatgtcattggaacaactcacaagttcattttggccatcactccatatgtgtgttgtgcttcagattgtggtgtcaatgatgtaaccaagctctacttaggtggtcttagttactggtgtcatgaacacaagccacgtcttgcattcccgttgtgctctgctggtaatgtttttggcttatacaaaaattctgctaccggttcacccgatgttgaagactttaatcgcattgctacatccgattggactgatgtttctgactacaggttggcaaatgatgtcaaggactcattgcgtctatttgcagcggaaactatcaaggccaaggaggagagcgttaagtcatcctatgcttgtgcaacactacatgaggttgtaggacctaaagagttgttgctcaaatgggaagtcggcagacccaaaccacctcttaatagaaattcggttttcacttgttatcatataacgaagaacaccaaatttcaaatcggtgagtttgtgtttgagaaggcagaatatgataatgacgctgtaacatataaaactaccgccacaacaaaacttgttcctggcatggtttttgtgcttacctcacataatgttcagccattgcgtgcaccaaccattgctaatcaagaacgttattccactatacataagttgcatcctgcttttaacatacctgaagcttattctagcttagtgccctattaccaattgattggtaagcagaagattacaactatccagggaccccccggtagtggtaaatctcactgtgttatagggctaggtttgtactatccaggtgcacgtattgtgtttacagcttgttctcatgcagcggtcgattcactctgtgtgaaggcctccactgcttatagcaatgacaaatgttcacgcatcataccacagcgtgctcgtgttgagtgttatgatggtttcaagtctaataatactagtgctcagtaccttttctccactgtcaatgctttgccagagtgtaatgcggacattgttgtggtggatgaagtttctatgtgcactaattatgacttgtctgtcataaatcagcgcatcagctataggcatgtagtctatgttggtgaccctcaacagctgcctgcaccacgtgttatgatttcacgtggtactttggaaccaaaggactacaatgttgtcactcaacgtatgtgtgcccttaagcctgatgtcttcttgcacaagtgttatcgctgtcctgcagagatagtgcgcactgtgtctgagatggtctatgaaaaccaattcattcctgtgcaccctgacagcaagcagtgttttaagatcttttgcaagggtaatgtgcaggttgataacggttcaagtattaaccgcaggcaattggatgttgtgcgtatgtttttggctaaaaatcctaggtggtcaaaggctgttttcatttccccttataacagccagaattatgttgccagccgtttgctaggtttacaaattcagacagttgattcatcccagggtagtgagtatgactatgtcatttacgcacaaacctcagatactgcccatgccagtaatgttaacaggtttaatgttgccatcacaagggctaagaaaggcatattatgtataatgtgcgataggtccctttttgatctgcttaaattttttgagcttaaattgtctgatttgcaggctaatgagggttgtggtctttttaaagactgtagcagaggtgatgatttgttgccaccgtctcatgctaataccttcatgtctttagcggacaattttaagactgatcaatatcttgctgttcaaataggtgttaatggacccattaaatatgagcatgttatctcgtttatgggtttccgttttgatattaacatacccaaccaccacactctcttttgcacacgcgactttgccatgcgcaatgttagaggttggttgggttttgacgttgaaggagcacatgttgttggctctaacgtcggtacaaatgtcccattgcaattagggttttctaacggtgttgattttgttgtcagacctgaaggttgcgttgtaactgagtctggtgactacattaaacccgtcagagctcgtgctccaccaggggaacaattcgcacaccttttgcctttacttaaacgcggccaaccatgggatgtggttcgcaagcgtatagttcaaatgtgtagtgactacctggctaacctatcagacatactaatttttgtgttgtgggctggtggtttggagttgacaactatgcgttactttgtcaagattggaccaagcaagagttgtgattgtggtaaggttgctacttgttacaatagtgcgctgcatacgtactgttgtttcaaacatgcccttggttgtgattatctgtataacccatactgtattgatatacagcagtggggatacaagggatcacttagccttaaccaccatgagcattgtaatgtacatagaaacgagcatgtggcttctggtgatgccataatgactcgctgtctggccatacatgattgctttgtcaagaacgttgactggtccatcacatacccatttattggtaatgaggctgttattaataagagcggccgcattgtgcaatcacacactatgcgttcagttcttaagttatacaatccaaaagccatatatgatattggcaatcctaagggcattagatgcgccgtaacggatgctaagtggttctgctttgacaagaatcctactaattctaatgtcaagacattggagtatgactatataacacacggccaatttgatgggttgtgcttgttttggaattgcaatgtggacatgtatccagaattttctgtggtctgtcgttttgatactcgctgtaggtcaccactcaacttggagggttgtaatggtggttcactgtatgttaacaatcatgcattccacacaccggcttttgacaagcgtgcttttgctaagttgaagccaatgccatttttcttctatgatgatactgagtgtgacaagttacaggactccataaactatgttcctcttagggctagtaactgcattactaaatgtaatgttggtggagctgtttgtagtaagcattgtgctatgtatcatagctatgtcaatgcttacaacacctttacgtcagcgggctttacgatttgggtgcccacttcgtttgacacctataatctgtggcagacatttagtaacaatttgcaaggtcttgagaacattgctttcaatgttttaaagaaaggatcttttgttggtgatgaaggtgagcttcctgtagctgtggtcaatgacaaagtgctcgttagagatggtactgttgatactcttgtttttacaaacaagacatcactacccactaacgtagcttttgagttgtatgccaagcgtaaggtaggactcacccctcccattacgatcctacgtaacttgggtgttgtttgtacatctaagtgtgtcatttgggactatgaagccgaacgtccacttactacttttacaaaggatgtctgtaaatataccgactttgagggtgacgtttgtacactctttgataacagcattgttggttcattagagcgattctctatgacccagaatgctgtgcttatgtcacttacagctgttaaaaagcttactggcataaagttaacttatggctatcttaatggtgtcccagttaacacacatgaagataaaccttttacttggtatatttacactaggaagaacggcaagttcgaggactatcctgatggctattttacccaaggtagaacaaccgctgattttagccctcgtagcgacatggaaaaggacttcctaagtatggatatgggtttgtttattaacaagtacggacttgaagattacggctttgagcacgttgtgtatggtgatgtttcaaaaaccacccttggtggtttacatctactaatttcgcaggtgcgtctggcctgtatgggtgtgcttaaaatagacgagtttgtgtctagtaatgatagcacgttaaagtcatgtactgttacatatgctgacaaccctagtagtaagatggtttgcacgtatatggatctcctgcttgacgattttgttagcattcttaaatctttggatttgagcgttgtatctaaggttcatgaagttatggttgattgtaaaatgtggaggtggatgttgtggtgtaaggatcataaactccagacattttatccacaacttcaagccagtgaatggaagtgtggttattccatgccttctatttacaagatacaacgtatgtgcttagaaccttgcaatctctataactatggtgctggtgttaagttacctgatggcattatgtttaacgtagttaaatacacacagctttgtcaatatctcaatagcaccacaatgtgtgtaccccatcacatgcgtgtgctacatcttggtgctggctccgataagggtgttgcacctggcacggctgtcttacgacgttggttgccactggatgccattatagttgacaatgatagtgtggattacgttagcgatgctgattatagtgttacaggagattgctctaccttatacctgtcagataagtttgacttagttatatctgatatgtatgatggtaagattaaaagttgtgatggggagaacgtgtctaaagaaggcttctttccctatattaatggtgttatcactgaaaagttggcacttggtggtactgtagctattaaggtgacggagtttagttggaataagaagttgtatgaactcattcagaagtttgagtattggacaatgttctgtaccagtgttaacacgtcatcgtcagaggcatttttaattggtgttcactatttaggtgattttgcaagtggcgctgtgattgacggcaacaccatgcatgccaattatatcttctggcgtaattccacaattatgactatgtcttacaacagtgtgcttgatttaagcaagttcaattgtaagcataaggctacagttgttgttaatttaaaagactcatccattagtgatgttgtgttaggcttgttgaagaatggtaagttgctagtgcgtaataatgacgccatttgtggcttttctaatcatttggtcaacgtaaacaaatga,0.65,0.726256983240223,1.35,1.27374301675978,1.18811881188119,0.722772277227723,0.287128712871287,1.8019801980198,1.11504424778761,0.7125,0.743362831858407,1.4375,0.611464968152866,0.621019108280255,1,1.76751592356688,0.855491329479769,0.652482269503546,1.14450867052023,1.34751773049645,1.33891213389121,0.468619246861925,0.200836820083682,1.99163179916318,0.265486725663717,1.32743362831858,0.132743362831858,2.41592920353982,0.421404682274247,0.551839464882943,0.57190635451505,1.87625418060201,0.91449814126394,0.710659898477157,1.08550185873606,1.28934010152284,1.16521739130435,0.678260869565217,0.226086956521739,1.9304347826087,0.378494623655914,0.920430107526882,0.197849462365591,2.50322580645161,0.480234260614934,0.679355783308931,0.796486090775988,2.04392386530015,0,0.639240506329114,0,1.36075949367089,1.0875,0.7625,0.2375,1.7625,3,0.626016260162602,1,1.3739837398374,0.792642140468227,0.65989847715736,1.78595317725753,1.34010152284264
Porcine epidemic diarrhea virus,Riboviria,PEDVgp2,vertebrates,ss-RNA,linear,NC_003436,NP_598310_2,atgaggtctttaatttacttctggttgctcttaccagtacttccaacactcagcctaccacaagatgtcactaggtgccagtctactactaactttaggcggttcttttcaaaatttaatgttcaggcacctgccgtcgtcgttttgggtggttacctacctagtatgaactcttctagctggtactgtggcacaggcattgaaactgctagtggcgttcatggtatttttctcagctacatcgattctggtcagggctttgagattggcatttcgcaagagccgtttgatcctagtggttaccagctttatttacataaggccactaatggtaacactaatgctattgcacgactgcgcatttgccagtttcccgataataaaacattgggccctactgttaatgatgttacaacaggtcgtaactgcctattcaacaaagccattccagcttatatgcgtgatggaaaagatattgttgtcggcataacatgggataatgatcgtgtcactgtttttgctgacaagatctatcatttttatcttaaaaatgattggtcccgcgttgcgacaagatgttacaatcgcagaagttgtgctatgcaatatgtttatacacctacctactacatgcttaatgttactagtgcaggtgaggatggcatttattatgaaccctgtacagctaattgcactggttacgctgccaatgtatttgccactgattccaatggccatataccagaaggttttagttttaataattggtttcttttatccaatgactccactttgttgcatggtaaagtggtttccaaccaacccttgttggtcaattgtcttttggccattcctaagatttatggactaggccaatttttctcattcaatcacacgatggatggcgtttgtaatggagctgctgtggatcgtgccccagaggctctgaggtttaatattaatgacacctccgtcattcttgctgaaggctcaattgtacttcatactgctttaggaacaaatctttcttttgtttgcagtaattcctcagatcctcatttagccatctttgccatacctctgggtgctactgaagtaccctactattgctttcttaaagtggatacttacaactccactgtttataaattcttggctgttttacctcctactgtcagggaaattgtcatcaccaagtatggtgatgtttatgtcaatgggtttggctatttgcatctcggtttgttggatgctgtcacaattaatttcactggtcatggcactgacgatgacgtttcaggtttctggaccatagcatcgactaattttgttgatgcactcatcgaggttcaaggaacttccattcagcgtattctttattgtgatgatcctgttagccaactcaagtgttctcaggttgcttttgaccttgacgatggtttttaccccatctcttctagaaaccttctgagtcacgaacagccaatttcttttgttactttgccatcatttaatgatcattcttttgttaatattactgtctctgcggcttttggtggtcttagtagtgccaatctcgttgcatctgacactactatcaatgggtttagttctttctgtgttgacactagacaatttaccattacactgttttataatgttacaaacagttatggttatgtgtctaaatcacaggatagtaattgtcctttcaccttgcaatctgttaatgattacctgtcttttagcaaattttgtgtttcaaccagccttttggctggtgcttgtaccatagatctttttggttaccctgcgttcggtagtggtgttaagttgacgtccctttattttcaattcacaaaaggtgagttgattactggcacgcctaaaccacttgaaggtatcacagacgtttcttttatgactctggatgtgtgtaccaagtatactatctatggctttaaaggtgagggtattattacccttacaaattctagcattttggcaggtgtttattatacatctgattctggacagttgttagcctttaagaatgtcactagtggtgctgtttattctgtcacgccatgttctttttcagagcaggctgcatatgttaatgatgatatagtgggtgttatttctagtttgtctaactccacttttaacaatactagggagttgcctggtttcttctaccattctaatgacggctccaattgtacagagcctgtgttggtgtatagtaacataggtgtttgtaaatctggcagtattggctatgttccatctcagtatggccaagtcaagattgcacccacggttactgggaatattagtattcccaccaactttagtatgagtattagaacagaatatttacagctttacaacacgcctgttagtgttgattgtgctacatatgtttgtaatggtaactctcgttgtaaacaattactcacccagtacactgcagcatgtaagaccatagagtcagcattacaactcagcgctaggcttgagtctgttgaagttaactctatgcttaccatttctgaagaggctttacagttagctaccatcagttcgtttaatggtgatggatataactttactaatgtgctgggtgcttccgtgtacgatcctgcaagtggcagggtggtacaaaaaaggtctgttattgaagacttgctttttaataaagtggttactaatggccttggtactgttgatgaagactataagcgctgttctaatggtcgctctgtggctgatctagtctgtgcgcagtattactctggtgtcatggtactacctggcgttgttgacgctgagaagcttcacatgtacagtgcgtctctcataggtggtatggcgctaggaggtataactgctgcagcggcattgccttttagctatgctgttcaagcgagactcaattatcttgctttacagacggatgttctacagcggaaccagcaattgcttgctgagtcttttaactctgctattggtaatataacttcagcctttgagagtgttaaagaggctattagtcaaacttccaagggtttgaacactgtggctcatgcgcttactaaggttcaagaggttgttaattcgcagggttcagctttgaaccaacttaccgtacagctgcaacacaacttccaagccatttctagttctattgatgacatttattcccgactggacattctttcagccgatgttcaggttgatcgtctcatcaccggcagattatcagcacttaatgcttttgttgcccaaaccctcactaagtatactgaggttcaggctagcaggaagctagcacagcaaaaggttaatgagtgcgtcaaatcgcaatctcagcgttacggtttttgtggtggtgatggcgagcacattttctctctggtacaggccgcacctcagggcctgctgttcttacatacagtacttgtaccgggtgattttgtaaatgttcttgccatcgctggcttatgcgttaatggtgaaattgccttgactctacgtgagcctggcttagtcttgtttacgcatgaacttcaaacttatactgcgacggaatattttgtttcatcgcgacgtatgtttgaacctagaaaacctaccgttagtgattttgttcaaattgagagttgtgtggtcacctatgtcaatctgactagcgaccagctaccagatgtaatcccagattacatcgatgttaacaaaacacttgatgagattttagcttctctgcccaatagaactggtccaagtcttcccctagatgtttttaatgccacttatcttaatcttactggtgaaattgcagatctagagcagcgttcagagtctctccgtaatactacagaagagctccgaagtctcattaacaacatcaacaacacacttgttgaccttgagtggctcaaccgagttgagacatacatcaagtggccgtggtgggtttggttgatcattgttattgttctcatctttgttgtgtcattactagtgttctgctgcatttccacgggttgttgtggatgctgcggttgctgcggtgcttgtttttcaggttgttgtaggggtcctagacttcaaccttacgaagcttttgaaaaggtccacgtgcagtga,1.05,0.658823529411765,0.95,1.34117647058824,0.934579439252336,0.747663551401869,0.373831775700935,1.94392523364486,1.33333333333333,0.515625,1.46666666666667,1.5,0.423076923076923,0.692307692307692,1,1.88461538461538,0.947368421052632,0.6,1.05263157894737,1.4,1.07692307692308,0.692307692307692,0.230769230769231,2,0.666666666666667,0.666666666666667,0.266666666666667,1.6,0.608695652173913,0.782608695652174,0.652173913043478,1.78260869565217,0.84,0.537313432835821,1.16,1.46268656716418,0.844444444444444,0.844444444444444,0.444444444444444,1.86666666666667,0.371134020618557,1.15463917525773,0.123711340206186,2.35051546391753,0.390243902439024,0.715447154471545,0.585365853658537,2.30894308943089,0,0.738461538461539,0,1.26153846153846,0.84375,0.75,0.28125,2.109375,3,0.651162790697674,1,1.34883720930233,0.869565217391304,0.486486486486487,1.30434782608696,1.51351351351351
Porcine epidemic diarrhea virus,Riboviria,PEDVgp3,vertebrates,ss-RNA,linear,NC_003436,NP_598311_3,atgtttcttggactttttcaatacacgattgacacagttgtcaaagatgtctcgaagtctgtcaacttgtctttggatgctgtccaagagttggagctcaatgtagttccaattagacaagcttcaaatgtgacgggttttcttttcaccagtgtttttgtttacttctttgcactgtttaaagcgtcttctttgaggcgcaattatattatgttggcagcgcgttttgctgtcgtctttctctattgcccacttttatattactgtggtgcacttttagatgcaactattatttgttgcgcacttattggcaggctttgtttagtctgcttttactcctggcgctataaaaatgcgctttttattatctttaatactacgacactttcttttctcaatggtaaagcagcttattatgacggcaaatccattgtgattctagaaggtggcgaccattacatcacttttggcaactcttttgttgctttcgttagtaacattgacttgtatctagctatacgtgggcggcaagaagctgacctacatctgttgcgaactgttgagcttcttgatggcaagaagctttatgtcttttcgcaacatcaaattgttggcattactaatgctgcatttgactcaattcaactagacgagtatgctacaattagtgaatga,1.25,0.6,0.75,1.4,1,0.333333333333333,1,1.66666666666667,0.666666666666667,0,1.33333333333333,1.2,0.176470588235294,0.352941176470588,1,2.47058823529412,2,0,0,2,4,0,0,0,0.666666666666667,1.33333333333333,0.666666666666667,1.33333333333333,0.774193548387097,0.580645161290323,0.387096774193548,2.32258064516129,0.857142857142857,1.27272727272727,1.14285714285714,0.727272727272727,1.47368421052632,0,0.631578947368421,1.89473684210526,0.333333333333333,2,0.333333333333333,1.33333333333333,0.210526315789474,1.68421052631579,0.421052631578947,1.68421052631579,0,0.714285714285714,0,1.28571428571429,0.8,0.8,0.8,2.4,3,1,1,1,0.580645161290323,0.315789473684211,1.35483870967742,1.68421052631579
Porcine epidemic diarrhea virus,Riboviria,PEDVgp4,vertebrates,ss-RNA,linear,NC_003436,NP_598312_4,atgctacaattagtgaatgataatggtctagtagttaatgttatactttggcttttcgtactctttttcctgcttattataagcattaccttcgtccaattggttaatctgtgcttcacttgtcaccggttgtgtaatagcgcagtttatacacctatagggcgcctgtatagagtttataagtcttacatgcgaattgaccccctccccagtactgttattgacgtataa,0,0,2,2,1,1,0,2,1.5,3,0,1.5,1.28571428571429,0,1,1.71428571428571,2,2,0,0,0,2.66666666666667,0,1.33333333333333,1.5,1.5,1.5,0,0.923076923076923,0.923076923076923,1.38461538461538,1.38461538461538,NA,1.33333333333333,NA,0.666666666666667,4,0,0,0,0,0,2,2,1.09090909090909,0.363636363636364,0.363636363636364,2.18181818181818,3,0.5,0,1.5,0,0,0,1.5,0,0.666666666666667,1,1.33333333333333,0.461538461538462,1.6,0.923076923076923,0.4
Porcine epidemic diarrhea virus,Riboviria,PEDVgp5,vertebrates,ss-RNA,linear,NC_003436,NP_598313_5,atgtctaacggttctattcccgttgatgaggtgattgaacaccttagaaactggaatttcacatggaatatcatactgacgatactacttgtagtgcttcagtatggccattacaagtactctgtgttcttgtatggtgtcaagatggctattctatggatactttggcctcttgtgttggcactgtcactttttgacgcatgggctagcttccaggtcaactgggtctttttcgctttcagcatccttatggcttgcatcactcttatgctgtggataatgtattttgtcaatagcattcggttgtggcgcaggacacattcttggtggtctttcaatcctgaaactgacgcgcttctcactacttctgtgatgggccgacaggtctgcattccagtgcttggagcaccaactggtgtaacgctaacactccttagtggtacattgcttgtagagggctataaggttgctactggcgtacaggtaagtcaattacctaatttcgtcacagtcgccaaggccactacaacaattgtctacggacgtgttggtcgttcagtcaatgcttcatctggcactggttgggctttctatgtccggtcaaaacacggcgactattcagctgtgagtaatccgagtgcggttctcacagatagtgagaaagtgcttcatttagtctaa,0.666666666666667,0.6,1.33333333333333,1.4,1.77777777777778,0,0.444444444444444,1.77777777777778,0.75,0.9,0.75,1.5,0.923076923076923,0.692307692307692,1,1.38461538461538,0.4,0.8,1.6,1.2,1.14285714285714,0.571428571428571,0.571428571428571,1.71428571428571,0.75,0.75,1.5,1.5,0.642857142857143,0.642857142857143,0.642857142857143,2.78571428571429,0.8,1.2,1.2,0.8,0.8,0.533333333333333,0.533333333333333,2.13333333333333,0.571428571428571,1.71428571428571,0,1.71428571428571,0.714285714285714,1.57142857142857,1.14285714285714,0.571428571428571,3,0.666666666666667,0,1.33333333333333,1.5,0,0,2.1,0,2,1,0,0.428571428571429,1.45454545454545,0.857142857142857,0.545454545454545
Porcine epidemic diarrhea virus,Riboviria,PEDVgp6,vertebrates,ss-RNA,linear,NC_003436,NP_598314_6,atggcttctgtcagctttcaggatcgtggccgcaaacgggtgccattatctctctatgcccctcttagggttactaatgacaagcccctttctaaggtacttgcaaacaacgctgtacccactaacaaggggaataaggaccagcaaattgggtactggaatgagcaaattcgctggcgcatgcgccgtggtgagcgaattgaacaaccttccaattggcatttctactacctcggaacaggacctcacggcgacctccgttataggactcgtactgagggtgttttctgggttgctaaagaaggcgcaaagactgaacccactaatttgggtgtcagaaaggcgtctgaaaagccaatcattccaaaattctctcaacagctccccagtgtagttgagattgttgaacctaacacacctcctgcttcacgtgcaaattcgcgtagcaggagtcgtggcaatggcaacaataggtctagatctccaagtaacaacagaggcaataaccagtcccgtggtaattcacagaatcgtggaaataaccagggtcgtggagcttctcagaacagaggaggcaataataataacaataacaagtctcgtaaccagtccaataacaggaaccagtcaaatgaccgtggtggtgtaacatcacgcgatgatctggtggctgctgtcaaggatgcacttaaatctttgggtattggagaaaatcctgacaggcataagcaacagcagaagcctaagcaggaaaagtctgacaacagcggcaaaaatacacctaagaagaacaaatccagggccacttcgaaggaacgtgacctcaaagacatcccagagtggaggagaattcccaagggcgaaaatagcgtagcagcttgcttcggacccagagggggcttcaaaaactttggagatgcggaatttgtcgaaaaaggtgttgatgcgtcaggctatgctcagatcgccagtttagcaccaaatgttgcagcattgctctttggtggtaatgtggctgttcgtgagctagcggactcttacgagattacatacaactataaaatgactgtgccaaagtcagatccaaatgttgagcttcttgtttcacaggtggatgcatttaaaactgggaatgcaaaactccagagaaagaaggaaaagaagaacaagcgtgaaaccacgctgcagcagcatgaagaggccatctacgatgatgtgggtgcgccatctgatgtgacccatgccaatctggaatgggacacagctgttgatggtggtgatacggccgttgaaattatcaacgagatcttcgatacaggaaattaa,0.685714285714286,0.875,1.31428571428571,1.125,1.4,0.4,0.4,1.8,1.13513513513514,0.705882352941177,1.2972972972973,0.705882352941177,0,1.2,1,1.8,0.454545454545455,0.4,1.54545454545455,1.6,1.5,1,0,1.5,0.162162162162162,0.810810810810811,0.162162162162162,2.43243243243243,0.272727272727273,1.90909090909091,0.818181818181818,1.63636363636364,1.23076923076923,0.833333333333333,0.769230769230769,1.16666666666667,1.25,0.75,0.625,1.375,0.947368421052632,1.15789473684211,0.421052631578947,1.47368421052632,0.714285714285714,0.571428571428571,1,1.71428571428571,3,1.2,0,0.8,1.23529411764706,0.705882352941177,0.352941176470588,2.29411764705882,0,2,1,0,0.545454545454545,1.09090909090909,0.818181818181818,0.909090909090909
