virus,realm,locus_tag,host,accession,protein_id,coding,AAA,AAC,AAG,AAT,ACA,ACC,ACG,ACT,AGA,AGC,AGG,AGT,ATA,ATC,ATG,ATT,CAA,CAC,CAG,CAT,CCA,CCC,CCG,CCT,CGA,CGC,CGG,CGT,CTA,CTC,CTG,CTT,GAA,GAC,GAG,GAT,GCA,GCC,GCG,GCT,GGA,GGC,GGG,GGT,GTA,GTC,GTG,GTT,TAA,TAC,TAG,TAT,TCA,TCC,TCG,TCT,TGA,TGC,TGG,TGT,TTA,TTC,TTG,TTT
Corynebacterium phage Juicebox,Duplodnaviria,HOU25_gp01,bacteria,NC_048070,YP_009812770_1,atgaggagcacatgcgagacctgcggagagaccctgccgatccagcgcgccgggcggccgccgaagtactgctcctcgccgtgccgccaggccggataccgggcccgcaagcgccgccagctgccccctgagatggtcgcggccgaccggtgggtggccgccgaaggcaagcgcccgatgaccgctgacggccgcgcagcgtcctcgactgacccgtcgacgtggggcccgcgcgccggtgtcgcagacgggccgaacggcttcatgctcggcgcgggcttcgcctgcatcgacctcgacggatgtgtgggcgtcgacggccgggtagagccgtgggcccgggcgatcctggcaacggtgcccgatgcgttcgtcgagcgctcggtcagcggccggggtctgcacgtcttcggcctgcttcccgagggaccgggccgcaacctcgggcgcgccgagtactactccaagtcccgattcatccgcgtcaccggcaacgtccaccgacaaggtgtgctcgtcgcactgtcgccggccatcgccgagatccaccgccagcacgcagctggccagattccccagcgccgaggcgctgcccgaaggagggcggccgccgcggcgtaa,0,2,2,0,0.5,2,1,0.5,0,1.09090909090909,0.666666666666667,0,0,2.57142857142857,1,0.428571428571429,0.285714285714286,2,1.71428571428571,0,0,1,2.75,0.25,0.888888888888889,3.11111111111111,1.33333333333333,0,0,2.18181818181818,3.27272727272727,0.545454545454545,0.222222222222222,1.75,1.77777777777778,0.25,0.645161290322581,1.93548387096774,1.03225806451613,0.387096774193548,0.666666666666667,2.33333333333333,0.5,0.5,0.285714285714286,2.57142857142857,1.14285714285714,0,3,2,0,0,0,2.18181818181818,2.72727272727273,0,0,1.66666666666667,1,0.333333333333333,0,2,0,0
Corynebacterium phage Juicebox,Duplodnaviria,HOU25_gp02,bacteria,NC_048070,YP_009812771_2,atgcccggaccgatcccgaagcgctccgaccagcggcgccgccgcaacaaggacgacgggccgaccccactgcgggccgccggctccggggcggtgaagcccccggccgaggaccggtcgtggcatccggcggcgaagcgctggttccgcgccctcaagcactccgggcagtccgtcttctacgaaccctccgactgggcgtacgcgcagctggccgccgatctgctcaccgaggagatggccatggagaagccgcgcgcggcgaccatcggcctggtgctgtcgatgatggacaacctcatgacctccgagggctcccgccggcgaatccgcgtggagctccagcgccccggcctcgacgacgccgatggcgccgcgacggtctcgatgctcgagaagtacaagaacgacctggccggctga,0,2,2,0,0,3.2,0.8,0,0,0,0,0,0,3,1,0,0,1,2,1,0.363636363636364,1.45454545454545,2.18181818181818,0,0.4,4,1.6,0,0,3,3,0,0.25,1.63636363636364,1.75,0.363636363636364,0,2.22222222222222,1.77777777777778,0,0.4,2.4,1.2,0,0,1.6,2.4,0,0,2,0,0,0,4.2,1.8,0,3,NA,1,NA,0,2,0,0
Corynebacterium phage Juicebox,Duplodnaviria,HOU25_gp03,bacteria,NC_048070,YP_009812772_3,atgacgaccatggtcgccgccgccgaacgcctggagaccctgcccgaaggactaccgacgctgacgctgggctgggaggccctggcctgggccgcgaagtacctgcgccaccccaacggcatccgcgcaggcaagcgctggcaattcacccgcgagcaggcccgcttcatcctctggttctacgccgtcgacgaaaacggccgctggctgtactaccacgccgcccgcaggctggcgaagggctcggggaagagcccgttcgccgccgtgctggcgctgatcgaactcctggcgcccgtccgtttcagccacttcaacccggacgtcctcggcggctgcatcggcaagcgcgtccacatgccgtgggtacagatcgccgccgtctccctcgaccagaccgagaacaccatgcgcatgatccgcgccatggcctccaagaaggccgccccgcagctccacgccgactacgccctcgacgtcggaaaaacacagatcaacgtcgagccagccggcaagctcgaagtcatcacctcatcatcggccaccgccgaaggcgcggaagccagcttcgtcatcggcgacgagctcgagcactggaccgcgggcaacggcggcaccgaactccaccgcacgctgctcgacaacctgtccaagtccggctcccgcatgctggagaccctcaactcctggacccccggcagcggcagcgccggcgaggaaacgttcgactcctggtgcatgcaggaagacggcctgaccaagaacgagctcaagatcctctacgactgccgccaggccccaccggacaccgacatggccgacgaagccagcctgcgcgccgggctggaatgggtctacgcggactgtccgtgggtggacatcgactggatcatcacccgcatctggcacccgaaggcgcgtccggacgactcgaagcgcaagtacctgaactggccggtcgcgtcggtcgatgcgtgggtggatccgaaggactgggcgcagatgacggcaccgacccgccagctcatcgatggcgagcgcgtcgtgctgttcttcgacggctcgctgtccaacgaccacacggccctcgtcggctgctgcatgtccgacgggcacgtgttcaccgtcggggtgtgggcgccgcccgaaggaggcaccgtcgacgtggaggcggtcgatgcgggggttgcccgcgcgttcgaccggttcgacgtcgtcgcgttctgggccgacgtccgcgagtgggagtcgttcgtcaaggtcgactggccccagaggtacggcgacggcctgcggctgtgggcgtcgccgaaggcccggcatccggagccgatcgcctgggacatgagaggcaaggacttcctgttcacccaggcgtgcgagctcgcggccgccgagatcatgcagcacacgttcacccacgacggcgattcgcgtctcgtggagcacgtccgcaatgcgcatcgctatcccggccggtacggcgagagcgtccgcaaggaatcgaagaaatccagccggaagatcgacgcggcggtctgcatgatcggcgcccgcatggtctaccggctggccaaggacgacccggcggtcaacgccgccccggtcaacgatgaagcgatgttcatctaa,0.166666666666667,1.85714285714286,1.83333333333333,0.142857142857143,0.142857142857143,2.71428571428571,1.14285714285714,0,0.162162162162162,1.6551724137931,0.324324324324324,0,0,3,1,0,0.153846153846154,1.73333333333333,1.84615384615385,0.266666666666667,0.296296296296296,1.03703703703704,2.66666666666667,0,0,4.05405405405405,0.972972972972973,0.486486486486487,0.142857142857143,2.42857142857143,3.42857142857143,0,0.882352941176471,1.7,1.11764705882353,0.3,0.121212121212121,2.42424242424242,1.45454545454545,0,0.315789473684211,3.15789473684211,0.526315789473684,0,0.102564102564103,2.97435897435897,0.82051282051282,0.102564102564103,3,1.83333333333333,0,0.166666666666667,0.413793103448276,2.06896551724138,1.86206896551724,0,0,1.75,1,0.25,0,2,0,0
Corynebacterium phage Juicebox,Duplodnaviria,HOU25_gp04,bacteria,NC_048070,YP_009812773_4,atgaatgaaggacaggcccgcgaggccgtacgggccctgctcgtcgagcacgccgcccagcggcgacgctacgatacgatcgaccgcgcggtgcgcccgtggtcggacgccgaagccgcccgccgcatggacgtgcagcagggcaagaacttccaccggcacctcaagatcgccaaaatgtcccagaccccgttcctggggctcgtgctcgacacctacgggcagagcctgaaggtcgacaacttcttctcctcgggcgccaagcaggcgccggcgtggcagtggtggcagaccaaccgcatgaacgcccgccagaccgggctgcaccgcgcggccctggagtacggcaccgcctacgcctccgtcctgcctgccgccggcggcgcggcgcgcatcggagtccactcgccgcggcgcatggtcgccttctacggcgagccgtttgcgtggcccggggaaggaagccccagcagcgaggaattcccgatcatcgcgctggctatccagggccgccacatccgcttgtacgacgagaacaacgtctactacttcggcgccgagcacgtccccggtgacccgctcgcatgggactcgtcgtactacctcgccgacgccaacttgccgtatctcgaggcccgtccccacggtgtgggcgtcgcgcccatcgtgcggtatcaggaccggatgatggccgatggcgaggaaacccgcggcatcatcgagcatctgcttgcgctgtcggatcgcatcgacagcacgaactaccagcagggcatcgcccagtactggagcgcgttcaagcagcgctacgtcctcggctggatgccgaagaccgagcaggacgcgatgcggcaatccgcctccgacacctggtttttcggcaacaaggacgtcaaggtcggccagttcgactccacggaccttgcccagtacaccgagtcccgcggggctacgatccgcgacctcgcggcaaccgcgcaggtgccggcccaatcgttgggcgccaacgcgatcagcaacatctccgctgatggcctcgccgcgctggaaacctcgaaggaccggaaagcctccgagatccagacgtcgctgggcgaatcccacgagcagctgctccgtctgtgcgcgcacatcaccggtgacggtgacggtgccgcggacttcggtgcggaggtcaagtgggcggagacctcctcccggtccttcgcgcagaccgtcgacggcctcggcaagctcgcctcacttctcggcgtgcccaaggaggagctgtgggcggatatcccgggctggacccgcgagcgggtcgatcgggcgctgtcgcgcgccgccacgctcccgcaggaagccagcggccttttcgacccggctgaggaagccgtcgccccagagatcacctga,0.285714285714286,1.83333333333333,1.71428571428571,0.166666666666667,0,2.90909090909091,1.09090909090909,0,0,1.5,0,0,0,3,1,0,0.153846153846154,1.81818181818182,1.84615384615385,0.181818181818182,0.19047619047619,1.14285714285714,2.47619047619048,0.19047619047619,0.176470588235294,3.52941176470588,1.94117647058824,0.352941176470588,0,2.43243243243243,2.43243243243243,0.648648648648649,0.6,1.58620689655172,1.4,0.413793103448276,0.123076923076923,2.21538461538462,1.41538461538462,0.246153846153846,0.324324324324324,2.48648648648649,0.540540540540541,0.648648648648649,0.173913043478261,2.60869565217391,1.21739130434783,0,0,1.75,0,0.25,0.1875,2.4375,1.875,0,3,2,1,0,0,1.73333333333333,0.486486486486487,0.266666666666667
Corynebacterium phage Juicebox,Duplodnaviria,HOU25_gp05,bacteria,NC_048070,YP_009812774_5,gtgaaggacagtgagaagcgcatgcgccgcgagatcgcggccatcgtcaccgaccacggcatccccaccgacgtcgacagcgccaaccgcctgtccacgcggctccatccggtcgtccagaagtaccgcggcgactactaccgccacgacgtcacccagatgggcgccgatatgaacgtcctcgggctggaggtggccccggcggaaatgcgcgactaccctcctcacgccacccacgacgcggtgatccgcgccatcggcatgggggaaaagccgagcaacattgagttggagctcgtcgacgacgtcacccgcgcgctcatcacgcaatcggtaccggcgttcgcgttccccgaccacccgggcgcgatggacaaagtcatcgctcgggtgtcttcgacgctgctgcggcacgcccgcaaggccggccgcgacgccatcgccgataccgcaaagcttggcagggtccgcgacgcggcactcaaacggccggttggcgcacggatcggctacgcccgtgtcatgtccggtcgcgaaaactgcgcgttttgcgccatgctcgcctcccgtggccccgtctacaccgaagacacggccactcgccgcaaggacgggaaccggtaccacgacggctgcgactgccgtgcggttctcgttctcgaagggcaaaagtggcccgggcaggaggagtacctgcgacttgagcagaggtggaggaaagcgacgggggatctctccggcgctgacatgtgggaggcatggcggcttgaccatgattccggcatccccggcgtcgtgctccgcgctccacggcgggatcgcgcgctgatgcgcaccgccccatacttccgcgatgaacctctgcctaggtctaatcaactcgtcaagcattcgatctggggatggaggcccaaacatggtccggtcacagcggagacagcgcggaatgggcattccttcgactcgatacgtgagaagggcacgttctttccgaaacggtggacggaccaggacatcgccgatgcgattaccgcgacgatggaagatccttacctggtcgagtccggccaggtgcggcgtatcgcctaccgtgagatcgatgacgtaatggtcgccgtcgagtgggactacaaccaaggccgggccaagatcaacacggcctaccccgtctacggggctggcgtgcagaagtacgagaaggccacagggaatcgcatagactgggaaatggacgcagaaaaacagatgaagaaggcaaggaggccgagtcttgatgaaaactga,0.571428571428571,1.45454545454545,1.42857142857143,0.545454545454545,0.545454545454545,1.63636363636364,1.63636363636364,0.181818181818182,0,0.705882352941177,0.893617021276596,0.705882352941177,0.315789473684211,2.36842105263158,1,0.315789473684211,0.666666666666667,1.16666666666667,1.33333333333333,0.833333333333333,0.347826086956522,1.21739130434783,1.56521739130435,0.869565217391304,0.127659574468085,2.5531914893617,1.65957446808511,0.765957446808511,0,2.75,2,1,0.8,1.45945945945946,1.2,0.540540540540541,0.51063829787234,1.78723404255319,1.36170212765957,0.340425531914894,0.133333333333333,2.4,1.2,0.266666666666667,0.258064516129032,2.45161290322581,0.903225806451613,0.387096774193548,0,2,0,0,0,2.47058823529412,1.41176470588235,0.705882352941177,3,2,1,0,0,1.42857142857143,0.25,0.571428571428571
Corynebacterium phage Juicebox,Duplodnaviria,HOU25_gp06,bacteria,NC_048070,YP_009812775_6,ttgatgaaaactgagcaagccatcatcgaattgctcgcgcttccgcagcttgcggattcgccagcccgtggccgcttcacatctggggaaacggccgacgccgcgtcgtatctcgcggaagacatcgcggaagcccgcgttcggatttccgacgaacaacgtgacgggcttctcgccggcatcgaagagtacgcagacggcgaccgcgaccttttcgaggcgtatgcgcgcctgctgaatcccgaaaactgggaatag,2,1,0,1,1.33333333333333,0,1.33333333333333,1.33333333333333,0,0,0,0,0,2.4,1,0.6,1.33333333333333,NA,0.666666666666667,NA,1.33333333333333,1.33333333333333,1.33333333333333,0,0,3.42857142857143,0.857142857142857,1.71428571428571,0,1.63636363636364,1.09090909090909,2.18181818181818,1.45454545454545,1.75,0.545454545454545,0.25,0.285714285714286,1.71428571428571,2,0,0,2.4,1.6,0,0,0,0,4,0,0.666666666666667,3,1.33333333333333,0,1.5,3,1.5,0,NA,1,NA,0,2,1.09090909090909,0
Corynebacterium phage Juicebox,Duplodnaviria,HOU25_gp07,bacteria,NC_048070,YP_009812776_7,atgtcggaggaaaacaccgccaccgagtccaccaacgaggtggcagccaacgaggcccaggaggccgagaaggcatccgaggaacgcaccccggagtcctacatggacgaaatccgcaagctgcgcgaggagtccgcctccatgcgacgccagcgcaacgaactgcgcgccgacgccgaggcgtggcgcgagaagcaggacgcggagaagtccgagctccagcggcagcaggagcagcgagccgagctcgaggccaagctcgccgacaccgccgcggagaacacccgacttcgcctggccgccaagtacggcatcgccgaggagaacctcgacttcctgggctccggtagccccgaggagatcgaggcccgcgccaagcgcctgtccgagctgcagcagtcccagatcgagaagccgccgtccaacgtgccggtggaacagctcggcggaccccgccccaagcaggacgagaccccggataacgcgttccctcccagctggcccgtttag,0,2,2,0,0,4,0,0,0,0.923076923076923,0,0,0,3,1,0,0,NA,2,NA,0,1.81818181818182,1.81818181818182,0.363636363636364,1.2,4.4,0.4,0,0,2.5,3,0.5,0.32258064516129,1.71428571428571,1.67741935483871,0.285714285714286,0.363636363636364,2.90909090909091,0.727272727272727,0,0.8,2.4,0,0.8,0,0,3,1,0,2,3,0,0,4.61538461538461,0.461538461538462,0,0,NA,1,NA,0,2,0,0
Corynebacterium phage Juicebox,Duplodnaviria,HOU25_gp08,bacteria,NC_048070,YP_009812777_8,atggccacgcccattcacttcaccccggcgacgaacatcaccgccaaggcggccgaggcgctcacccagggcaccttcgtcgtcgtctcggccgagatggacggccggaaccccgtcgtcaagcccgccaccgccgacgccatcgcgctcggcgtcgccgcccacgactgcgccgccgacgactacgtcaccatctaccgcatcggcgtctacgagctcgccgcctccggcaccatcgccgccggcgactccgtgtccaccgccgcggccggcaaggccgccaagaccgccgccggccccgtcgccggcatcgcactgaccaaggccgccaacggtgtcgtcaccgtggcgctgaagtaa,0,2,2,0,0,3.38461538461538,0.615384615384615,0,0,0,0,0,0,2.57142857142857,1,0.428571428571429,0,2,2,0,0,3.2,0.8,0,0,3,3,0,0,3.6,2.4,0,0,2,2,0,0.129032258064516,3.09677419354839,0.774193548387097,0,0,3.6,0,0.4,0,3.38461538461538,0.615384615384615,0,3,2,0,0,0,4.5,1.5,0,0,2,NA,0,0,2,0,0
Corynebacterium phage Juicebox,Duplodnaviria,HOU25_gp09,bacteria,NC_048070,YP_009812778_9,atggcacgagacccgatgttcccgctcggcgcccccgaagtccgggacggcgcgatcaccatcgacatgatgctcaacgagcccacccgcatcgacaactacgcggcccgactcgtcgagcgcgacctgctcacccaggtcattttcggcaacgtcaccacctccggcggcgccctgctgttcgaccagctcgtcaagaacgaggccaccgccaccgacaagcccggcgtcatcgcgccgggcgccgagttcccggtgctgcacaccccggacggcgagccgatggtcaagcgcgtccagaagaccggcggaaagttcggcatcaccgacgaggcccgcaaccgcaacgacgcggtccttctgcagcgcaagatctcgcaggtggccaacaccatggtcaaggacctcgacgagcgcggcatcaaggcgctctccgatgcgctgaccgtgctcgatgatcgggccctgacggtcgcttccggcggctgggcggcggccgccggcgtccaggcgtcggccaagaccgcgaagacgggcgagggcgagctgatcaacaacctgctcgacgcgcagctgaagatccaggagaccgagctcggctacaacccggacgtcctgatcctgaacccggccgacgcgaagaacctcaagctggtcttcggcgtcgccaactaccaggagatgctgtccaccttcggcctgacgctgcacaccaccaccgcccagcccgccggcgagggcctggtgctgcagtccggcatggtcggcgtcatgggcgtcgagtccccgatctccacggagacctggcgcgacgcctcggtgcagaccacctggtctcagacgtgggcgaccgtcgcgttcggtgtcaccgacccgatggcgatggtcaagctcaccaacctcggggcgtaa,0,2,2,0,0,3.31034482758621,0.689655172413793,0,0,0,0,0,0,2.75,1,0.25,0,2,2,0,0,1.14285714285714,2.85714285714286,0,1,4,1,0,0,2.4375,3.375,0.1875,0.125,1.7,1.875,0.3,0.114285714285714,1.94285714285714,1.82857142857143,0.114285714285714,0.148148148148148,3.55555555555556,0.148148148148148,0.148148148148148,0,3.23076923076923,0.769230769230769,0,3,2,0,0,0,3.81818181818182,1.63636363636364,0.545454545454545,0,NA,1,NA,0,2,0,0
Corynebacterium phage Juicebox,Duplodnaviria,HOU25_gp10,bacteria,NC_048070,YP_009812779_10,atgttcgccaccgtcgatgaagtgcgcacacggtggcggggatacccggccggtctggaaaacgacacggtcgaggctctgctgtccgacgccgcggtgtggctgcgggcgatgttcccggggatcccggaaacgccgccggagtcgctttccggcgtactgcgggtcgtctccgcggcgatggtcaagcgggcgctgctcgctgacggcgccgaggggctgtcccagcagcaggcgacggccgggtcgttttcctactcccagtcgtacagcaacccaaacggggcgctgtacatcacgggacaggagcgggcgatgctcgaagccgcgcttgatgacgctggggccaacggcgcccggagcatggaggccggcggatggtag,0,2,2,0,0.666666666666667,0.666666666666667,2.66666666666667,0,0,1.09090909090909,0,0,0,3,1,0,0,NA,2,NA,0.666666666666667,0,3.33333333333333,0,0,0.75,5.25,0,0,1,4,1,0.888888888888889,1.33333333333333,1.11111111111111,0.666666666666667,0,1.71428571428571,1.71428571428571,0.571428571428571,0.923076923076923,1.23076923076923,1.53846153846154,0.307692307692308,0.5,2.5,1,0,0,2,3,0,0,3.27272727272727,1.63636363636364,0,0,NA,1,NA,0,1.33333333333333,0,0.666666666666667
Corynebacterium phage Juicebox,Duplodnaviria,HOU25_gp11,bacteria,NC_048070,YP_009812780_11,atggtaggcccaaggttcgcgcttctctacaccgttacgaaaatccggccgggtgccacggttatcaacgagcacggcgatgaaaccaccacggcggaggtcaccgaagaggtggccgccgcggggtgggcggagccgtccgacgtcgacaagtcgactttcaccgcccccgcccattacgagtacgccctggacctctacgccgacgccggccacatcgtggtcggtgatcacgtcgaggtcgacggcacccggtacgaggtcatcggtcggtcgaacttcgaccacgggccgtttggctgggctccggggctcgacgtcatcaagctgggaaggagcaccgggtga,0.666666666666667,2,1.33333333333333,0,0,2.54545454545455,1.09090909090909,0.363636363636364,0,1.5,2.4,0,0,3,1,0,NA,1.6,NA,0.4,0.666666666666667,0.666666666666667,2.66666666666667,0,0,0,3.6,0,0,3,2,1,0.444444444444444,1.55555555555556,1.55555555555556,0.444444444444444,0,2.46153846153846,1.23076923076923,0.307692307692308,0.307692307692308,1.53846153846154,1.23076923076923,0.923076923076923,0.333333333333333,2.33333333333333,0.666666666666667,0.666666666666667,0,2,0,0,0,1.5,3,0,3,NA,1,NA,0,1.5,0,0.5
Corynebacterium phage Juicebox,Duplodnaviria,HOU25_gp12,bacteria,NC_048070,YP_009812781_12,gtgaagatcaagtggaacatggccgcgttcaaggccattcgcttcgaccccaccgtcgtcggcgtgatcaacaacgccgccgcgaagatcgcggctgccgccggcgacggctacgaaaccggcgcgtactccgggaccaaccgcccgcgcgcctcggtgatcaccgcgacgtacaaggcccagcgcgacaacgccaaaaacaacaccctggccaggagcatcgatgcggctcgatga,0.333333333333333,2,1.66666666666667,0,0,3.33333333333333,0.666666666666667,0,0,2,1,0,0,2.5,1,0.5,0,NA,2,NA,0,2,2,0,1,4,0,0,0,0,6,0,2,1.5,0,0.5,0,2.22222222222222,1.33333333333333,0.444444444444444,0,3.2,0.8,0,0,1.6,2.4,0,0,2,0,0,0,2,2,0,3,NA,1,NA,0,2,0,0
Corynebacterium phage Juicebox,Duplodnaviria,HOU25_gp13,bacteria,NC_048070,YP_009812782_13,atgcggctcgatgacccccaggcaaccaccgcacttcgccagctgctgctgaagctcgtggaaggaattcccatctccacgcagctgccccgcgaggtgacggtcccgcggatccgaatcgagcgcgtcggcggcaaagacgaaaaccgagtcaccgcctcgccccgcttcgcgatccagatctatgccgccgacggccccgccgccgagaggatcaccggccagctcgcactcgcactgctcgaaggcgagtggcccggtacccgcaccgctgcaggccaccgcctgcgcggttgggaggaggagtccgtcatgagttttcccgaccctgaccgcacggatctcgcccgatggcagatcctcggccgcctgcgcatctccaagctgcgcccggcctga,0.666666666666667,2,1.33333333333333,0,0,2.66666666666667,1.33333333333333,0,0,0,0.352941176470588,1.2,0,2.66666666666667,1,0.333333333333333,0,2,2,0,0,2.8,0.8,0.4,1.05882352941176,3.88235294117647,0.705882352941177,0,0,2.625,3,0.375,0.6,1.42857142857143,1.4,0.571428571428571,1.42857142857143,2,0.285714285714286,0.285714285714286,0.4,2.8,0,0.8,0,2.66666666666667,1.33333333333333,0,0,0,0,2,0,3.6,1.2,0,3,NA,1,NA,0,1,0,1
Corynebacterium phage Juicebox,Duplodnaviria,HOU25_gp14,bacteria,NC_048070,YP_009812783_14,atggccgataccggtctcatcacgtccatcgacgccggccgctccggcaccgcgttccgctccacccgccgcgtcgaaaccctgcccgaaaccgccgtcgacgacctggaggccaccctcgtcgacctcggcatcgtcgccgagtccggcgtcacccacgccaccaaccgcgagaccgacgaccgcaagggcctcggcggcgacgtcgtctacacgctgcagacctccgtcgacaacaccatcgtcctgaccctgatggagtcccagaacgccgaggtcctgcgcaccgtcgtcggcgacgacaacgtcctcgtcgactccgccaccggccacgtcaccgtccgccacaacaaggcgaagatgccgcgctgcaccttcgtcttcgacttcctcatcgaccagggcctcaagcgctccctcgtcgaggtcggccaggtcatcaccgtcggcgacgtcgtcaacacctccacggagatcatccagtacgaggtcaccatcaagtgcttcgccggcccccgcatcgacggcgacttcatgcgcgacttctacgcctacaccgacggcgccatcgccctcggcgtcgccaccggcatgctccccgacgccaccgagggcaccgagtacggctaccagctccgcgcctccggcggcaccgccccgtactcctggaccgccgtcggcgagctgcccaccggcctgaccctgtccaccaccggccacctgtccggcaccccgaccgtctccggcgagcagcaggtcaccgtcaacgtctccgacgagaacggcatcaccgcccgcaagacgctgaccctccacatcaagcccaccggcggcgagccgggcgcctaa,0,2,2,0,0,3.58974358974359,0.41025641025641,0,0,0,0,0,0,3,1,0,0,2,2,0,0,2.22222222222222,1.77777777777778,0,0,6,0,0,0,3.1304347826087,2.8695652173913,0,0.25,1.9047619047619,1.75,0.0952380952380952,0,3.61904761904762,0.380952380952381,0,0,3.87096774193548,0,0.129032258064516,0,4,0,0,3,2,0,0,0,6,0,0,0,2,1,0,0,2,0,0
Corynebacterium phage Juicebox,Duplodnaviria,HOU25_gp15,bacteria,NC_048070,YP_009812784_15,atggccacccgccagctcatccccgcccacgacccgcgcgtcatggtcaccatcgaggtccccgtcgaaggccgcaagaagcccctcgtcttcaccgccaagcgctgggaattccagcccgagcagctcatcgacgacttccaggaacacctctcctcggccgtcgaccccgaaaccggcaagctcgccgaaggccgcaaggccgacgagatgctcatcgactggtggctcgacaccctcgatctcgccgacgccgacgagctcaagaagctcaccgtcggcgaacgtgagcagctctggaacatctggcgcgccgaatcggaaatcgacctggggggaatccgaggcctcctagcagcactggaggccgaccccgaactgcggaccgcgctgaccctcgacctcctcgagctcggccgatccatccacgacatgggcaccaccgccctgtcctggatcgaagtccgcaccctgctgaccgccaccagatacggctcctacgtcaccgaacaccgaagccccggcacgagcctgctctccccggaaatgcgcgtcatgaccgccatcgccgacgccacccgcgccgccaactggcaacgcaccggagaccgcaacgcccccaggccaccgcccatctggcaggagatctacccaccccaaccagaacccgccgacgaggaagcaaacgaccgaatggtcgaagcaacccccgaggcattcgcccgcatccgcgcagaaatcgccgccaggcgcaaaatcgccgtccccgccgacggcccgcgcgaataa,0.25,2,1.75,0,0,3.78947368421053,0.210526315789474,0,0.25,1.33333333333333,0.5,0,0,3,1,0,0.5,2,1.5,0,0.6,2.6,0.8,0,1,3.75,0.25,0.25,0.222222222222222,4,1.77777777777778,0,1.25925925925926,1.89473684210526,0.740740740740741,0.105263157894737,0.774193548387097,3.09677419354839,0.129032258064516,0,0.615384615384615,3.07692307692308,0.307692307692308,0,0,4,0,0,3,2,0,0,0,3.33333333333333,1.33333333333333,0,0,NA,1,NA,0,2,0,0
Corynebacterium phage Juicebox,Duplodnaviria,HOU25_gp16,bacteria,NC_048070,YP_009812785_16,atggccacccgccagctcatccccgcccacgacccgcgcgtcatggtcaccatcgaggtccccgtcgaaggccgcaagaagcccctcgtcttcaccgccaagcgctgggaattccagcccgagcagctcatcgacgacttccaggaacacctctcctcggccgtcgaccccgaaaccggcaagctcgccgaaggccgcaaggccgacgagatgctcatcgactggtggctcgacaccctcgatctcgccgacgccgacgagctcaagaagctcaccgtcggcgaacgtgagcagctctggaacatctggcgcgccgaatcggaaatcgacctgggggaatccgaggcctcctag,0,2,2,0,0,4,0,0,0,0,0,0,0,3,1,0,0,2,2,0,0,3.33333333333333,0.666666666666667,0,0,5.14285714285714,0,0.857142857142857,0,5.53846153846154,0.461538461538462,0,1.2,1.81818181818182,0.8,0.181818181818182,0,4,0,0,0,3.2,0.8,0,0,4,0,0,0,NA,3,NA,0,3.6,2.4,0,0,NA,1,NA,0,2,0,0
Corynebacterium phage Juicebox,Duplodnaviria,HOU25_gp17,bacteria,NC_048070,YP_009812786_17,atggccgaggaactcgccgtcgtctacgtccccatcgtcccggaaacctccaagatcgcgccgggcgtgcgctcggcgttgggtggggcggcgaagtacgcggagcgcgacggcgccgggatcggttcgaagctgtcgacgggcatcggcaagaccctcaagaccggtgcggtggccacgggcgccgctgtcgccggcgtgctcggcgccgcgatgaccaagggcttccagcgcctgacggccatcgactccgcggaggcgaagctgtcgggtctggggcacaccgccggcggcgtggcgtccatcatggacgatgcgttggcggccgtgaagggcacggccttcggccttggcgatgcggcgtcggcggctgcgtcggccgtcgcgtccggtgtgaagcccggccaggatttgcagcgcacgctgaagctcatgggcgatgccgcggcgatcgcgggcaccgacctggggtcgatggcggggatcttcaacaaggtcgccgcctcggggaagctccagggcgacgtgctcgcccagctcggcgacgcgggtatcccgatcatccagctgctggcccaggagatgggcgtcaccgccggagagatcacgaagctggcggcggaaggcaagatcggcttcgacgagctccgcaatgcgatcgagaccggcatgggcggcgccgcgctggcggcgggccagaccttctccggcgcgatggacaatgcgggtgccgccctcggccgcctcggcgcggccgcgttggagccgttcttcgacgatgcccgcgatggcgtcgtcggcttcaccggagtcatcgataatctcaccgaccgcgtcggcccggccgcgcaggcgctgcgggactggcttggcccggcggccggttcggtcgtcggtttcgtgcgtgatctgcgcgcggaggcgacgtcgctgggcccggtcatgtccaacacgacctcgacgttctcgctgctgctggatacggcgttgtccctggctccgtcgatcgccacgatcaccacggagctgctcaaggtcaccggcgcgatctccatcgcgacgtggcagacgctgctgtcggtgctcaccggcaccgcggcggttgccgatgcgacgctggtgccggctctcaatgtcctcgccggggtgctggagtcgtcggagctcgcgtcgcttgccttcggtgcggccttgctgggcctggtcaagggcaaggcgatcctcgacggcttcggcaaggtgtccaagccgctggcgacggcggcgacgacgctgcaggactacgccggcgcactcggggaggtcggctccaacgtctcttcggtgtcgcgggcgcacccggaaatgaccaagcttggcatcgcgacgaagctgctcggcgacaacgggcagacgggattcgctcagatcaccgccggcgcggactcggcccgccagcgcgtcaccgccttcggcgaagcccaccggttggcggcgacgcaggccagggctcaggcgctcgccgcgaccgacgccttcaccacgatcgaccgcatgggctcgcaggcctggcacggcaccgtcgccgcggcctcgtccgctacccgcggcatggccacggccgtcggcggactcaagggcaccgtcaccgccgcgttcaccggcatgaagggcgcggccaccggtctcatgaatgccatgggcggcccgtggggcgtggcgatggccggcgctgccgtcgccgtcggcgtgatcaccgcggcgtacggcgaagcgaagcagtcggccgagaacatggcgcgagcggcttcgtcggcggtccaggcgcagcgcgaactggcgcaggaggtcgcgggcaccaccggcgcgatcggccaggacggcatggctgcggccaccgagctggccacggcccgcctcgagcagttctacgaggaggggcagaagggccgcggcgtcaccctcgttctccgcgagatcgccgcgcgagtgcccttcgtgtccaaggggttctacgacgcgacggaaagcgcgcgcgccgctgccgggtcgtacgagctcctcgaggacaaggccggagagctcgactacacgatggaggacgtcgcccgcgtcgcggcggagggcggcccgaagttcgccgcgctccgccaggccgtcctggataccggagctggctcggagcgcgcggccgagcagctcgatgagatgcgcgccgagcagcagaagctggtggatcaggcacggcaggtttccccggcacaggccgaggtgtcggcggcaattcaggacatcgccgacaaggccggcaacgcggagacgcgagtcgaaaactattggtcggcgctgcagaagctcacgggcaacgccccggacctgaccgaagccaacgcgaaccttcgtgccgagcttgactcgctggcgggacagttcaccgtggccgagggcgaggtctcggagttcgcgggcgcgacgctcaacgcatcgggccagctcgacaccctgaataacaccgcctccggcgccgtcttcaacgcgatgaatgacctaggtcagcgcatgcgcgaggcagccatcgcaggcggcgacgccaacgacatttgggcggcggcacagccggcgctccagggcctggcagaatcgtccggcctgggatacgacgcgatccgtcagctcgccgagcagatgaacatgacgccgcgcgacctgctgatctccgcgcaggtggccgctgaccccgcacttgcgcaggcgaacaccctcaagcagatgctcgagaccgttcccgacgtcgtcggcaccaacatgttcgtcaccggcgggcccgaggctatgcaggtcctcgatgacgtcggaatcaagtacaaggtgctcaacgaggacaccggccagatcgagatcaccgcggttgccgatgacgcgatgtccaagctcgacgacatcatcggcaagaaggccgacctcgactcgctgccgccgtccgcggtggaggccaaggcgatcaccgagaatgcgcaagccgccctcgatgacattgcccgccagctcggggaggtcgacgggacgacggcatcgccgacgctcgacgtggacccgatcagcttcaacgacgggatggtcggcgccaacgggcagctcgacgcgttcgacttccggttcgtcaacgcaactgcggacctcgacacgatgccgctggattggaacgcgggcttggcccacggcaccatcacgggcgtcgatgaccgccacgcgatggcctcctcggacctcgataacttgctgctgggcgtcaacgccggcgttgcccacggcacgctcgacggcgtcgacgggcgtcggccgctgcccgtgtccgacctgctcaatcacccgctcaacgcaaatgccggcatcgcccacggcacgctgaccaacctcgacgggcagcgccccaagccgatcgcggacctggacaacaccggtgtccgtaccggcgcccaggattcccggaactggttgcagcagttgatcaacgacttcgggaacttcgcgctcaacgtccgcctcaacgtggtccgctccatccgcgatatcttctcctccgaaggcggaaacgcagccggcggcaccatcggcgccctggcctccggcggttccatcctcgacctccgccgcggcggccaactgcccacctacgggcccggcagcaacatcaccgacggattcctcggcatcgactcccagggcagccccatcgtccgcgtcgacgccggcgaggaagtcgtcaacgccaagcagtccgccaagcaccgcaccttcatcaaggccctcaaccgcggcgaccgccgcgccgagcaagccgcggagctcaccggcctggaaaccggcggcaccatcggatcccgcgagggactcgaccgcgcactacgcgaagccaaaagctcccacgacatcggcgcccgctaccagtggggcggcatcagccgcgaagccgccgactgctccggcttcgtcggccgcgtcgcctgggccgcacagggccgcgaccccgaccgcgccgggcggatgggcacgacggacacgatgttggcggggaggtggccgggcttccgcccgggccgccagggcccgttcatcgtgggcgtcaattccgcgcacatggccgcgacggtcgacgggattcccgtggagtcgggaggcgacgtcggcggcccgtcggtaggtgagggtgacggcgcgaacgatccccagttttcgcagtggtactcgctggcgcacgacttcttctccccgccgtacgccaacaagccgtcgatcactgagtcgtcggagtcgctggagtacggcgagagcgggtcgcgggttacgtcgacgtccgagggcgatggccgcgctgtggcgctgtcgccggaggcgtcggccgccgcggagtccgggtcgaatgacaaggattcgccgttttacggcaccggctcggattcgtggtcggggctggccggcaacctcgcgtcggcgttcgtgtcggggcaggtcgccagcctgctgtctgtgctggggatctccgaccagttgccgccgatcatgaaggcgggaaagacctggtatcagcaggtcgaggacgacgcgacgccgcaggagatccagcggcaggatgaggcgatcgctcagaccgccgagcctgatgctgttgccccgtcgacggcggattccggtgccgctgctgctgtggtggatccggcgtcggcgacgtacgcgacgccgcaggaggcggcgaaggccgcgctgcggccgcgcggctgggacacgggcgccaactgggccggggtcgacttcatctatcggaaggagtcgggctggaatccgctggcggagaacccgagctccggcgcgtggggtttgccgcagctcaacccggccagcgggacgctgcagcagtacctgccggacaagtccccggatccgttcaagcagacgcaggccggcgcccagtacatcgaggaccgctacggcgatcccgtggaggccgagaagttctggcgcgccaacaactggtacgaccgcggcggccgcgccaacggtgtgggccacatgctcaagaacaccctggagcccgaacgcgtgttgtcgccggaccagacccgcgcgttcgaggatttggtctatggccagctgccggatctgtcgggcctggcggagtcgctgacgaaggccgcggtctcgggcgccgcgggcccggcggcgggcatggccaacgcggtcgtgccgggttccggcgcggtcgtgtcggcggctgcgggcccggcgggtgagctcgccgggtggtactccggcgaggttgcggggaacgtccagtacgcggcggaggagttcggccgcgacttgatggcgatcccgacgtcgatgctcgattcgatcaccgacgtcgtcatgccggcgatgccgcagatgccgcagtggcagatgccgctgatgccggagctgccccaggagccggccaaccgcggcgccgcggccgaccgccgtggccgttacggcaacggtgatgtccatttccacgtccgggatgaccaggacgcctacatgaagggccgcctgctcgcgatgcgcgagcaccgcggtctgattggagtgtga,0.0363636363636364,1.58730158730159,1.96363636363636,0.412698412698413,0,2.12173913043478,1.80869565217391,0.0695652173913043,0,0.508474576271186,0.137931034482759,0,0,2.77611940298507,1,0.223880597014925,0.0714285714285714,1.88235294117647,1.92857142857143,0.117647058823529,0,0.871794871794872,3.07692307692308,0.0512820512820513,0.206896551724138,4.27586206896552,0.896551724137931,0.482758620689655,0.0745341614906832,2.4223602484472,2.60869565217391,0.260869565217391,0.361702127659574,1.424,1.63829787234043,0.576,0.204472843450479,1.6741214057508,1.85303514376997,0.268370607028754,0.288288288288288,2.7027027027027,0.594594594594595,0.414414414414414,0.0336134453781513,2.35294117647059,1.3109243697479,0.302521008403361,0,1.72413793103448,0,0.275862068965517,0,2.08474576271186,3.30508474576271,0.101694915254237,3,2,1,0,0,1.91489361702128,0.633540372670807,0.0851063829787234
Corynebacterium phage Juicebox,Duplodnaviria,HOU25_gp18,bacteria,NC_048070,YP_009812787_18,ttggagtgtgatcgaatgtccagcaccgagtacgagctgtggctgcgcggctgcgacggttccgagtggccgttgcacggcccggaggccctgggccgcccggtgcgggcgatggccggcgagatggcggagttctacgacacaccgttcgacgccacgtaccgtgcacgtgtcggcggcggctccgtctacgccgggtcgatcctccgggcgccgctgatcccgctgtccatcgacttcttcggcgacgagtgggccgacgagctcacccgattccggcgcgcactgcaccgggaccgtgactcggagctcgtcgtgcgcaccaacaggtcgggggagcgggtgctcaccgtccgcgaggtcgaggcccgcgcgatggaaaacgacgtcgaccccggcgccgacgaatcggcgcgctacaagttcatgctcatcgcgccgatcccgggctggcgctcggccgccccgctcaccgccgagtggcagttcgacggccacacggtgatgggctcggtgacgatcgacaaccccggcagcatgcccgcctggccctattggtcactcacctccccggccgggtggttgcttcccgacgtcgaccacgaactcggcaccgaacccggggaagaggaacggatgatccccatcgacttcctcccgtacggccgcgacgccatgatcgacaccgaccccgcccagctgaccgtcgagaccaccgaccagaccctcgcaccgctcgcgcacatgcgcggccaggcgttcctccaccccctgccgccggagacctaccacatgcagctcccggtcgccgtcgacccgctgccggccctgccgtggaacctgccctacgagtggaaggcctggatcgcccgccgactccacgacctcgccaacgaaatcggcgccaccgccttcatgcagatgacccccaccgacgtcggcaaccgcgtcgccacctggatccgcgacaccacgccctggtgggtgcccaccatcggcgacggcctcatcgccaacctcaccggccaagccatcgccgacctcatcgccgagcactacggcaccttcggcggagtcgccggcgccgccgcccaaatccgcgtctatccgagatgggagcagccgtggtag,0,2,2,0,0.153846153846154,3.23076923076923,0.615384615384615,0,0.214285714285714,0.857142857142857,0.214285714285714,0,0,3,1,0,0.444444444444444,2,1.55555555555556,0,0,1.57575757575758,2.42424242424242,0,0.642857142857143,3,1.28571428571429,0.642857142857143,0,3.27272727272727,2,0.181818181818182,0.518518518518518,1.92592592592593,1.48148148148148,0.0740740740740741,0.292682926829268,2.92682926829268,0.780487804878049,0,0.133333333333333,3.2,0.533333333333333,0.133333333333333,0,2.8,1.2,0,0,1.63636363636364,3,0.363636363636364,0.428571428571429,2.14285714285714,2.57142857142857,0,0,1,1,1,0,2,0.545454545454545,0
Corynebacterium phage Juicebox,Duplodnaviria,HOU25_gp19,bacteria,NC_048070,YP_009812788_19,gtggtagacaccaccaccctcgaccgcctcgacgccgcctacgaatcaggcatgcggcaacgccgacgccgcgaaatcaagcgactgcggccacccgtggccaccctctggcacgcacgcaccgtcggactcgacctcgccggccgcatcgccggggaatacgccggcgactgcgaatggatcgtcaacgacgtcggccgcgccaccatctccatgcccgaagccgaccccctcgcccggtgggccgccgaatggtacaaccgcgacaaggacgtcgtcgtcctgcgcatcgacaaggacggcgaacgctggtgcggcaccctctccgacctcgacgtcgaacagcacgaacaaggcgaccgcaccgtccacctgaccttcctccacgactgggaacagctcaagcacatccccgtctacccgaaccccatgttccccagcgccttccagatcccgaaggtcttccagctgttcatgaaggccatgagcctcctggcgctgaccctccagctcaacctgctgcgccacttcaccatcttcggcgggcacctccctgacgaccccctccgcttcgagtcctgggcctccgcatggaactggcgcgactggcccatcctcgtcgcccccatcaactacctcgaagaccccacgcccctccgctacctcggcgcccgcatggactacttcgccgacctcgcccaacccatcctcgaagacgtccaactccacatgcgcatcgaccgatggttcgaaggagaccccgacccctggcccggcgcccgactcacccgcaacggccaaatgatcgtcaccttccacgacaagtccggctggttcggcgaaaccgccaccgaaggcaccctcggccgcggcctcacccgcaccgtcctcgaaatcgccgacggcggagtcgaagaaatccgcaacctcgtcgacgcacgccccgacaccccccagtaccacgtatcccgatggctcggcgtcgcgccgggcgatccgtatgtggtgtaccggaccagtggtgcggcgtcgatggtgcggtcggcgcgggcctcctactcgccgccgacggtggggatgatcacggtcggcgggcagtcgatgccgggcgtcaacgagacgatgtccgccgtgacgaaggtggtgttcaacctgctgggcgcggcgatcccgggcggggcgggtttcggcgcgatcgtcgatgacgcggccaagccgatttacgagaacaccacgctggcgttccagacgattgatctggtgctgcgtacccgtcggcttgggtggggccattacctggaggacaccgacgtagggaacatcgaggcgtacaccgtggcgtcggtggtcgcgctgcgcgcgctgaggcgggcgacggacgcgaagtcggggcacaccctcgatgtcggtgacggcgcgccgttcctcatcggagcacgaggggaggggcactggcactacggcgatcgaattggccacgagtcgctgctcagccgcgacggccggatcgagaccggccaggccaatcgtgtggtgctggcttgggatgccgacgagccgtaccactatgccgtgaccatcggcgagttcccgcgccgtgatccggtcgagttggcgatcaagctcgcgggcagcgtcgccaaggaccttcaacgacaaggactgatgtaa,0,1.84615384615385,2,0.153846153846154,0,3.08571428571429,0.914285714285714,0,0,1.14285714285714,0.127659574468085,0.285714285714286,0,2.65384615384615,1,0.346153846153846,0.875,1.875,1.125,0.125,0.125,2.125,1.625,0.125,1.02127659574468,3.19148936170213,1.14893617021277,0.51063829787234,0,3.55555555555556,2.11111111111111,0.222222222222222,1.24137931034483,1.68181818181818,0.758620689655172,0.318181818181818,0.30188679245283,2.11320754716981,1.50943396226415,0.0754716981132075,0.4,2.56,0.8,0.24,0.285714285714286,2.28571428571429,1.42857142857143,0,3,1.76470588235294,0,0.235294117647059,0.285714285714286,2.28571428571429,2,0,0,2,1,0,0,2,0.111111111111111,0
Corynebacterium phage Juicebox,Duplodnaviria,HOU25_gp20,bacteria,NC_048070,YP_009812789_20,atgcccattccgctgcaatcgaacctcgacatgaccaacctgcgggatcagatcctgtggacgctggtcaaccctgggcatcttcttgacgcgccgctgctatttcgcctcgaggagatgaagctcatcgctgaccacttcgtggcctgcgggctccggtttcacccggagctgcaggagcagtggtacgtcccgccgcgcccggatgcctcgatcctcgaggccggtgccggccggtgggtgaagggcccggcgcccggtgtaccgcctgccgaggcgaccaccgtctcgcaagcgccggacgatgacgcgaaggcgctgctggatctgctgtccgacgagcagcgcgcgcatctgcgcaagctgctgggggaggaggggctgtga,0,2,2,0,0,3,1,0,0,0,0,0,0,2.25,1,0.75,0.666666666666667,1,1.33333333333333,1,0,0.615384615384615,2.76923076923077,0.615384615384615,0,3.42857142857143,2.57142857142857,0,0.272727272727273,1.36363636363636,3.81818181818182,0.545454545454545,0,1.2,2,0.8,0,1.53846153846154,2.15384615384615,0.307692307692308,0,1,2,1,0.666666666666667,2,1.33333333333333,0,0,2,0,0,0,1.5,4.5,0,3,2,1,0,0,0.666666666666667,0,1.33333333333333
Corynebacterium phage Juicebox,Duplodnaviria,HOU25_gp21,bacteria,NC_048070,YP_009812790_21,gtgagcgcgccgacacctccgtctgagccgattatccccccggggacgctgagctacgcgcagatccggcgtttgatcgaggccgatgaggccgaaaagcagaagatccgggacgagctccagggcgccgtcgccaatgctcgcgggtggttcatcgacggattccttgcaaagctcggcgccgccttccgaggagaatcagtgaccggattggagaccgtcacctctggtatccggcagggcattttcggtgggattgctgacgcgattcgtgatgccgagaatctgggggagcggctcatccccattcgagatgccgcccgaggactgatcgacccggtgattgaccgagtggacgcagtcgaggagtcgcagctgtcggcggaggagcagctggccctgctggagggtgtccgcggatacggcgcggcgtaccagcggtggaatgaaaatttgcgaagtgcgccgggaaatcgccggagaatttccctcgcacctcacggtgtggcaaagggggtaagggtcgagggaggcggaatcttcatcgacgagccgggggtgtggacggttcatgcgcaggttttcgcgcgaggtacctccttcaccccagggttgggatcggatgatattacgaagcttttcgtgatcctcagggaatatcagccggtttataaaacgtcgacaataaaagaggtgtacggaaagggtgggagcggtccgcaccatatccaggcgagttttaccgtcgtgattgagaacgcccccgcattactcgattttgaggtcttctcagataggtggcggtacttcgacggggggacggccctgacgtccttttcggtcgtcaagacggacagccgggtcgaaaatctgggcgaggtgacggtgcccgatgcttaa,0.444444444444444,0.285714285714286,1.55555555555556,1.71428571428571,0.5,1.5,2,0,0.260869565217391,1.33333333333333,0.782608695652174,0.666666666666667,0.136363636363636,1.63636363636364,NA,1.22727272727273,0,1,2,1,0.25,1,2.25,0.5,1.56521739130435,0.782608695652174,2.08695652173913,0.521739130434783,0,1.63636363636364,2.45454545454545,0.545454545454545,0.434782608695652,1.05882352941176,1.56521739130435,0.941176470588235,0.666666666666667,1.6,1.33333333333333,0.4,1.21212121212121,0.727272727272727,1.21212121212121,0.848484848484849,0.16,1.6,1.76,0.48,3,1.42857142857143,0,0.571428571428571,0.666666666666667,1,1.66666666666667,0.666666666666667,0,NA,1,NA,0.272727272727273,1.53846153846154,1.09090909090909,0.461538461538462
Corynebacterium phage Juicebox,Duplodnaviria,HOU25_gp22,bacteria,NC_048070,YP_009812791_22,atgcttaattttgacttgcaggctttgtcggacgaggagttccgtacgctgcggcgtgcggtgctcgacgagaagaagcgcagggacgcggccccggcggtcgaggaagccctggacgtggcggcgcaggaataccacgcggcgaatcctccagacaccaccgacgacggaaccccggtgtggtgtcggcccgtgggggctttcgacgcgtggccggtcggcgcggtcgtcgcgcacgccggtaagcgctggcgcaacatccttccgaaggtgaatgtttgggagccgggcaatgacggccccgtgccgacgtgggaagagctgcgcgagccggagccgccggcggatgggcaaaccccgcccgtcgacacggatcccgactcggaggccgaggtgcccgcgtgggcaccgggcgtggcgtaccccgtcgggcacctcgtcacccacggcggcgcgacgtaccgcgtcgtccaagcccacacttcccagaccgggtgggagccacccaacgtccccgccctctggcaacccgcctga,0,0.666666666666667,2,1.33333333333333,0,2.18181818181818,1.45454545454545,0.363636363636364,0,0,0.6,0,0,3,1,0,1,2,1,0,0.347826086956522,1.56521739130435,1.91304347826087,0.173913043478261,0,3,1.2,1.2,0,1.8,1.8,1.2,0.428571428571429,1.71428571428571,1.57142857142857,0.285714285714286,0.166666666666667,1.16666666666667,2.33333333333333,0.333333333333333,0.333333333333333,2,1.33333333333333,0.333333333333333,0,2.10526315789474,1.68421052631579,0.210526315789474,0,2,0,0,0,2,4,0,3,0,1,2,0,1.33333333333333,1.2,0.666666666666667
Corynebacterium phage Juicebox,Duplodnaviria,HOU25_gp23,bacteria,NC_048070,YP_009812792_23,atggccgactacttctacccactcagccagggcgctcacgtcaccagcccattcgggccccgagctggcggctatcactggggcaccgactacggccgcgccggaggctccggcggcaacgccgtctacgccccgcaagccggaaccgtcatcatggccggccccgccagcggcttcggcggccccgaccccgccggatggatcgtcatcgaccacccaaccgccgccggcggcggagtcagcgtcctcggccacatcatccgtgaagtcgccgtcggcgacaccgtccgcgccgggcagcgcatcgggcgggtcaatccttcctcggccaccaatggcggcgtggcgccgcacgtccacttcgagcatcaccgttacgtctggtccccgccgggaccggaccgtctggacccgcacgcttggctggccacccgcggcgcccgatggccgggagccccggccacacctacccgaaaggaatccatgaacgcgctcaccgctgacatcgacctgctgacccccaacgacgatggccgggcgacgaagccccgcaaccttttgtgcatccataccttcgaagacgacggcacgtggtcggccgacaggatggcgaagtaccagcagtcgcccgccgccggcggctcgtaccacctggtcattgacctcaacggccgcatcgctcgtgagaacgacgacgcgttcatcccatgggcggcgatgttcacgggcaaccgggtggcgttccacttctcgctgtcgggcaaggcgtcctggacgcgccagcagtggctggcccgtccgaagcagatggacgccctggcgaaggtgctggcggcgtactcgaaggccaagggcatcccgctcatccgccgcggaccgcaggacgtgcgagccgggaagtggggcgtgtgcggccacgacgacatttccaaggcattcggtgagtcgacgcactgggacccgggcccgaacttcccgttcgacgtcgtcatcgacaaggccaaggcgatcctcgccgagccgaagccgacgcccgccccgccgtcggatccggcgccccgtccgattcccccgaaggagactctggtgcccaccacgctcgacaccgtcctgccgtcgctcgtcgacggctccacgttcgaggctccgttggccacgttcatccgcaccgcggacaaacaggcctacgaagccaaccagcggatcgcccgcctggaggcgaagttcgatcggctgctcgatgccatgggcgaaaagcccgaccccaagcccggccagtag,0.111111111111111,1.63636363636364,1.88888888888889,0.363636363636364,0.16,2.24,1.44,0.16,0,1.14285714285714,0.222222222222222,0,0,2.52631578947368,1,0.473684210526316,0.166666666666667,1.71428571428571,1.83333333333333,0.285714285714286,0.372093023255814,1.30232558139535,2.13953488372093,0.186046511627907,0.888888888888889,2.44444444444444,1.11111111111111,1.33333333333333,0,2.16,3.12,0.24,0.833333333333333,1.74193548387097,1.16666666666667,0.258064516129032,0.0727272727272727,2.32727272727273,1.16363636363636,0.436363636363636,0.622222222222222,2.93333333333333,0.355555555555556,0.0888888888888889,0,2.95652173913043,1.04347826086957,0,0,1.8,3,0.2,0,2,2.85714285714286,0,0,2,1,0,0,2,0.48,0
Corynebacterium phage Juicebox,Duplodnaviria,HOU25_gp24,bacteria,NC_048070,YP_009812793_24,atgttcgatttcatccgttccgttgtccccgctggcgcccgcgccgcctggtacgccaccgccggcgccgtcgtcacggccttggtggcgtggggcatcctcgacgacactgctaccccggccgtcgtcggcgtggccaccgccgccatcaccttgctgttcgccatcgtccactcggattcgcccgtgcggcaggccggctacggcctcgctgctgcggtcggtgttctcggcgtgtacctcggctggggcactgaagcgcagatcgactcgctgcttgcggtcattgctccggccctgggtctgggtactgctgcggcgacgaccaccatcggcgatgcggcctacgtgggtgagcaccgcctggagaactga,NA,2,NA,0,0,2.18181818181818,0.727272727272727,1.09090909090909,0,0,0,0,0,2.57142857142857,1,0.428571428571429,0,2,2,0,0,2,2,0,0,3,1.5,1.5,0,2,2.5,0.5,0.666666666666667,1,1.33333333333333,1,0,2.14285714285714,1,0.857142857142857,0,2.85714285714286,0,1.14285714285714,0,2.13333333333333,1.33333333333333,0.533333333333333,0,2,0,0,0,1.5,4.5,0,3,NA,1,NA,0,2,1,0
Corynebacterium phage Juicebox,Duplodnaviria,HOU25_gp25,bacteria,NC_048070,YP_009812794_25,atgtcgggcgtcgagttgtggtttgggcccggtggcatcgccgccggcgtcggtggggttgtcctcgccgccgcggcgtgggtgcgcgcctggcgcgagtcccgcaacgcagacgagaagcttgagctgcagcggcaggccgacgaggagaagcttgagctcgagcgcgagaagatccgcctcgaagagcgcaacgccgatcttgccgggctccagacgctgaccaccgaactgcggacggacctctcccggattcgtgaagacctcaccgagacccgcaaggacctcgacgaggagcgccgcaagggcgatgaaacccgccgcgacctggatgccgagcgccggcgcaccgacgaggcgacggagaagatcgaccggcagggaaaagagctgacgcggttggccgatgagcgggccgaggcgtgggaactcgttcgccgcctcgccggccacatccgcgctcgcgaggagtggacggtcctgcacctccagccgcgcccgcccgcgctcgaaccaatcccggacgacgtcgtccacatcgtcttccccgacggtggcccgtacccgcgcgagcccccggacacaacctga,0.285714285714286,2,1.71428571428571,0,0.307692307692308,2.15384615384615,1.53846153846154,0,0,0,0,0,0,2.57142857142857,1,0.428571428571429,0,2,2,0,0.363636363636364,1.45454545454545,2.18181818181818,0,0,4.22222222222222,1.55555555555556,0.222222222222222,0,3,1.63636363636364,0.818181818181818,0.428571428571429,1.52941176470588,1.57142857142857,0.470588235294118,0.210526315789474,2.52631578947368,1.05263157894737,0.210526315789474,0.307692307692308,1.84615384615385,0.923076923076923,0.923076923076923,0,2.8,0.4,0.8,0,2,0,0,0,4,2,0,3,NA,1,NA,0,1,0.545454545454545,1
Corynebacterium phage Juicebox,Duplodnaviria,HOU25_gp26,bacteria,NC_048070,YP_009812795_26,atgccccagaaacgagtccgcaacggcgtgacctactgggccgcccgataccgccgcccagacggctccgaggccccgcagaagatcttccccacccgccgcgaagccaaggcctacgaggacgagaagaaggccgaagtgcgccgcggcgactggatcgaccccagcggcggcgagatcaccctcgggcaactcaccgacgactggatccaccgctcgcgcgtggccaacaccatcgccggccgcaagaccttccgcaagcagctcggcgacctcgaagacgtgccgatcggcgacctgaccccgatgcacttccgcgagtgggaataccagctgcgcaacggccggccctggcgcgacggcaatcccctggccgagaccaccgtgggcggctacgtccgcgaaatgcgctccatgctgaccaccgccgtcaacgaagaacgcatccgccgcaaccccgcccgcaacctcaaggcccgcaaggtcacccgacgcatctcccccgacgaagtgctcaccgtcgaccacgtcaacgacatgatcgagcgcttcgaaaccgggcggcgccgcatgaccaaggccgaacgcgccgccgcccggcgcggcgagctcgacgcgtgggcggggatgaatgcggtgccggagatggggtacgtggtgcggatggcggcggcgatggggccgcggccgtcggagctgctcggcattcggctggaggacatcgatgttgcccgggggacggtgcatctgcggggcacgaagtcggatgcggcgccgcggaccatcggggtgccggccgacaccatcaaggcgatgcggcggcgggcggcggagtacccgacgaaggagggcttcgtgatgatgcgcgccgatgggcggcggatgacgctgcaatggatcgagcagcgtttccgggccgtccgtgagtcgatggggctgccggattcgatcacgccgcattcgatgcggcacttccacgcgacggcgctgattgccgccggggtggacgtcaaggcggtgcagcatcggctggggcacagcagtgcggcggtgacgctggacatctacgcgcactggtggccgacgcgggaagactacgttgttgatgcggctgcgcggattcttgaggggcatttgaggggcaaccccggtattcgggtggttgatgcaccgtga,0.142857142857143,1.6,1.85714285714286,0.4,0,2.72,1.28,0,0,1,0.111111111111111,0.5,0,2.36842105263158,1,0.631578947368421,0.5,1.27272727272727,1.5,0.727272727272727,0.181818181818182,1.45454545454545,2.36363636363636,0,0.333333333333333,3.11111111111111,2.22222222222222,0.222222222222222,0,2.18181818181818,3.27272727272727,0.272727272727273,0.814814814814815,1.52,1.18518518518519,0.48,0.0930232558139535,2.04651162790698,1.76744186046512,0.0930232558139535,0,2.26666666666667,1.6,0.133333333333333,0,1.14285714285714,2.28571428571429,0.571428571428571,0,2,0,0,0,1.5,3,0,3,NA,1,NA,0,2,0.272727272727273,0
Corynebacterium phage Juicebox,Duplodnaviria,HOU25_gp27,bacteria,NC_048070,YP_009812796_27,gtgaacacaaccgacgatcagaaccttcccccggacacgagcccccgctactaccccggcgacctctccgtccggctacttacccccgagaccgccaccaatggggagatcccgccgagccccatcgagatctccgttcagccccatgtcacggacgatatgctgcagctttcgggcaccgtcaacgcaaccttgcccggaaccatcgactactccgtgaccatgtatgccatatggccacggtcatccagcttcctcagcaccgagcgggaactccgcgagcacatccgcgaccgcggtatccgtgagctcgctaccgtcctgaattacgaactacagagcctcggtcgcaagtacgccctgccgcacccggtcatcgacgacgccgaactcgaaaagttcgacgccatggtcatgaatgactcgctgggacagggctacaccgacctcggttag,0,1,2,1,0.285714285714286,3.14285714285714,0.571428571428571,0,0,2.5,0,0,0.375,2.625,1,0,0,1.33333333333333,2,0.666666666666667,0.307692307692308,2.15384615384615,1.53846153846154,0,0,3.33333333333333,2,0.666666666666667,0.705882352941177,2.47058823529412,1.41176470588235,1.05882352941176,0.8,1.69230769230769,1.2,0.307692307692308,0.571428571428571,2.85714285714286,0,0.571428571428571,0.888888888888889,1.33333333333333,0.444444444444444,1.33333333333333,0,2.66666666666667,0.888888888888889,0.444444444444444,0,1.71428571428571,3,0.285714285714286,0.5,2,1,0,0,NA,1,NA,0,2,0.352941176470588,0
Corynebacterium phage Juicebox,Duplodnaviria,HOU25_gp28,bacteria,NC_048070,YP_009812797_28,ttgaggcgggaggaacatgacaagtttccccgccttcggcgaccccgccgcgcgtcaatcatcatccgcccccgcttccccaccaccatccccaaagagagcaccaccatggccaagctgagagtctccccccagcgccggctcggcatcgacctcgcaggttcggagtacgaactcgtccgccagctcgtcgccttccgccgtcagcgcggttacacccaggccgaagtcgccaaacgcatgggcgtatcccgcaccaccgtcagccaattcgaaaacctcaacggcggccccacgaagaaccacaccctgctgaccgtcaagcgctacgccgaagccgtcaacgcctatgtcgaccacatcgccgtcgacgccggaaccgccgccgaagacggcgaccgcacctcgtatgcgcccctgcggaatgccgtcatcgagcaccggaaagtgctcgaagacacgccccacaccgacgcaccgacctccatcgactccgttctcaccgtcgtcggcgaggccaccttcacagaatcatccgcgatgaagtcggccaccgttcacgtcagttcgcctttcgcatgggccagcgccgacacctccgacaccttcgtatactccaccacccggcagtgggcaaaccccaaagacaaactggtttcactgtga,1,1.66666666666667,1,0.333333333333333,0.173913043478261,3.47826086956522,0.347826086956522,0,0.260869565217391,1,0.260869565217391,0.333333333333333,0,3,1,0,0.333333333333333,1.66666666666667,1.66666666666667,0.333333333333333,0,3.33333333333333,0.333333333333333,0.333333333333333,0.260869565217391,3.39130434782609,1.56521739130435,0.260869565217391,0,2.8,2.4,0.4,1.23076923076923,2,0.769230769230769,0,0.695652173913043,2.78260869565217,0.521739130434783,0,0.444444444444444,2.66666666666667,0,0.888888888888889,0.421052631578947,2.73684210526316,0.210526315789474,0.631578947368421,0,1.33333333333333,0,0.666666666666667,1,2.33333333333333,1.33333333333333,0,3,NA,1,NA,0,1.71428571428571,0.4,0.285714285714286
Corynebacterium phage Juicebox,Duplodnaviria,HOU25_gp29,bacteria,NC_048070,YP_009812798_29,atgaccaacaccccgccaccgtcaagccgaccgggcatgcatccccatctcgcccacgtggccctggccggccaaccgaaccatgattggcaagaacgctgggagattcgcgacgaggtgcaggaacaactggaccggctcgagaagttcgacaagcatgcctacgactacctgttcagaaacctggagaagtgggccatcgatgggttcccgaacttcaacccgcgcaagaccgacaccgatggactgagcgccccctgcggaaggagactccgacgaaagctcggcccgcagcgaccgtggatgtgcgaagccaagacccacgaaacaagggtcgcaaaacgccccacacgcccgccgaaggccaagcgtcaatggaggatgtacttcatcgacgtcacaagcgtggacggcgagcccgaccacgtgatggcaggagttcactttgccgagaaatgggtctccaataagaaacaagacgacaacaaagtcaccaaacgacagaaccaggacatgaaagcggccgccacccacgccctccggtggtgcccggaagtcagcagagactaccgccgagacgacgagtttctctag,0.8,1.75,1.2,0.25,1.2,2.8,0,0,0.857142857142857,4,0.857142857142857,0,0,2,1,1,1.11111111111111,1.11111111111111,0.888888888888889,0.888888888888889,0.25,1,2.75,0,1.71428571428571,1.71428571428571,0.571428571428571,0.285714285714286,0,3.27272727272727,2.72727272727273,0,0.833333333333333,1.64705882352941,1.16666666666667,0.352941176470588,0.533333333333333,3.2,0.266666666666667,0,1.5,2,0.5,0,0,2,1.6,0.4,0,2,3,0,1,1,0,0,0,2,1,0,0,1.42857142857143,0,0.571428571428571
Corynebacterium phage Juicebox,Duplodnaviria,HOU25_gp30,bacteria,NC_048070,YP_009812799_30,atgagcaacccgaacccgaaccgccccgagcagcacaccccacgccccgaagctgctggatgggccgccccgccgcagcccccgcagccgcaggcaccgcccacgccgatccccagccccaacggaaagcccttcttccgctccggcggctggctcgaagtcctctccaccctcacgatggtcatcggcgcgatgatggtcgccttcggcatcctcgagctcttaaacggaactcccgcagccggcatagctacggcgatcggcctggtcgtcgtcatcctcggcggcatcctcgctgcaatcctccgcctcggctcgatgttggaaaccaacatcacccacggccgccgatag,0,2,2,0,0,2,1.5,0.5,0,2.4,0,0,0.333333333333333,2.66666666666667,1,0,0,2,2,0,0.235294117647059,1.88235294117647,1.88235294117647,0,1,5,0,0,0,4.5,0.5,0,1.2,NA,0.8,NA,0.923076923076923,1.23076923076923,0.615384615384615,1.23076923076923,0.923076923076923,3.07692307692308,0,0,0,4,0,0,0,NA,3,NA,0,2.4,1.2,0,0,NA,1,NA,0.5,2,0.5,0
Corynebacterium phage Juicebox,Duplodnaviria,HOU25_gp31,bacteria,NC_048070,YP_009812800_31,atgagccccagagcccgaaccggcaacgacgactgggccttacccacacccgagccggcaccgcagccgacaaaggagcggcccctcgccgccaggatggccatcgccctcgtggcgccggtggtgctcatcggcggaatcatcggcgccgcgttctactggtccggacagcaggaaaaggccgagtgtgaagaggccgtgatcgaacgggccaagtaccccagtgcggccgagatcctcgagatcgagaagaccgactacgtcccgatgtacgccgacgcgacgcacggctacaagggcacagccgacttcgtcaatgcctacggcgtgcccgaacgcgtctccttcacctgcaccgtcttcgacgacggcaccccgatgatggcgttggtgaactag,0,1.33333333333333,2,0.666666666666667,1.33333333333333,2.22222222222222,0.444444444444444,0,1,1.5,1,1.5,0,3,1,0,0,2,2,0,0,2,2,0,1,1,2,0,0,4,0,0,0.727272727272727,2,1.27272727272727,0,0.2,2.8,1,0,0.888888888888889,3.11111111111111,0,0,0,1.6,2.4,0,0,2,3,0,0,3,0,0,0,1,1,1,1,2,1,0
Corynebacterium phage Juicebox,Duplodnaviria,HOU25_gp32,bacteria,NC_048070,YP_009812801_32,ttgctcgatatccccgaccagttggccgctggcatgggactgcgcgtcgacgaggtaccgctcgacgacgactggccgcacggcctgtgggtgccggaacggcggcagatcatcctacgccacggcctcgatcgcatcacccgccgatgcgtcttggctcacgaactcggccacgcgcatcaccgtgacgtgcgatccggcttcgactccatcgactcgcgcgccgaacggcgggccgacgcattcgccgcactgctgctgatctccccggccgagtacgccctggccgaggaactccacggcccgtccgtcgcgggactcgcgcacgcactcgacgtcacccctcacctaatccgcgtgtggcgcggagaacacgaaaggcaagcaccatga,NA,NA,NA,NA,0,4,0,0,0,0,0.4,0,0,3,1,0,0.666666666666667,1.8,1.33333333333333,0.2,0.5,0.5,2.5,0.5,0.8,2.8,1.6,0.4,0.666666666666667,2.33333333333333,2,0,1.33333333333333,1.66666666666667,0.666666666666667,0.333333333333333,1,1.75,0.75,0.5,1.33333333333333,2.66666666666667,0,0,0.5,2,1.5,0,0,2,0,0,0,4.8,1.2,0,3,2,1,0,0,2,1,0
Corynebacterium phage Juicebox,Duplodnaviria,HOU25_gp33,bacteria,NC_048070,YP_009812802_33,atgtccatcgaccaagctgtgttcgctcttgccaatcgggttcgagagttgaagccgatcattgaaaccgaggaagccacaaagacggcgttcatcatccctttcatcaacgaggttctcgggtacgacgtcaccgacccgcgcgaagtcgtccccgagtacactgccgacatcggcatcaagaagggcgagaaggtcgacttcgccatcaaatccggcgatgacttccggttcctcatcgagtgcaagaagatcggcgaacccctcgacctccgccacgcgaaccagctggtgcgatacttcaacgtcaccgataccgaattcgcgatcctgaccaacggcgaggtctacgagttctacgcccagctcgacgccgcaaaccgcatggacgaaaaaccgttcatgacactaaacctcgcggaggtcgacgcgcgcctcttcccgcacttggaaatgtgcaccaagaagaagttcgactacgagaccatcgccgctcaggcggaagagctgaagtacgtcgccgagctaaagaaggtcctctccgcgctgttccgcagccccgaccccgagtgggtacggatgatcgccgcgcgcgtcacgacacggcggatgaccgcggcaaacctcgagacgtttacccggctcgtctccgtcgcctcgaaccagtacctgaaggacgaagtcaaccggcgactgcgttccgcacaggccctcgaagacgccgttgacgaaccggccgttcccgccgcacctgcagcccccacccccgaggtcgaggagcccgaggacagcatcgtgaccaccgaagaagaactcgaagccttcggcatcatccgcgccatctgctgctccgaaggccccgcaaccgacgtcaccatccgggacgccaagtcctactgcgccatcctctaccaggacaacaaccgcaaacccatcgcccggctccaattcgaccgcaaggtcccccgaatcatcatcttcgacgcggaccgcaacgagtccattcacgatctcgacacgatcgccggcatctacgatcacgccgaggctctccgcgaacgcgtccgagcgctagccgccgaaaacagctga,0.315789473684211,1.85714285714286,1.68421052631579,0.142857142857143,0.545454545454545,2.54545454545455,0.727272727272727,0.181818181818182,0,1.5,0,0,0,2.77777777777778,1,0.222222222222222,0.5,2,1.5,0,0,2.44444444444444,1.11111111111111,0.444444444444444,1.11111111111111,2.66666666666667,2,0.222222222222222,0.642857142857143,3.42857142857143,1.28571428571429,0.214285714285714,0.947368421052632,1.7037037037037,1.05263157894737,0.296296296296296,0.533333333333333,2.13333333333333,0.977777777777778,0.355555555555556,0,3.55555555555556,0.444444444444444,0,0.16,2.72,0.48,0.64,0,2,0,0,0,4,0.5,0,3,2,1,0,0,1.88235294117647,0.428571428571429,0.117647058823529
Corynebacterium phage Juicebox,Duplodnaviria,HOU25_gp34,bacteria,NC_048070,YP_009812803_34,ttgtttgcccatttcgggctgggtttgccgaagattttggggcaaactgatggcatgcgagctacccaccttgaccacctggcagaagtcgtcgtgtctcgacggcgcgcgctcggcctctcgcagcaagctgtcgcttcagctggagggccgtccgacaccacccagtccaggatcgaggctgcaggaacgccggggccttcgaggcagactctggacaagctggacgtcggcctccagtgggaacccggcagcgcccggcgcgtctacgaagacggcggtgagccgactgaactcgtcgagcccggaccgtttgcaagcacccagaagattcccgcaggcatgtccggggtgcagcagatgatggctcgggttttcgcggacctcgaagccgaagggactcccatcggcgacacgaaggcgctgatgcgaaagatcggcgaacgcctcgacaaccagtactcccccgtcgacgccaacgacgtcttcgacgcgtgggaccgtatgccggccgacgtacaagccgaggagacgcaccgcatggtccgggaagccgaggcagtcggccgattcaccgccaaccccggccaagtcgacgcgagcgccagctcggccgatgcggctgaccgaaagcggctgaccgagcttcgcgaatcgatgcggatcctggacaagttgcccgcgcccgtgaagacgctcgtcctgcgcgaagcactcgaagagttcttcagcgttgccaacctcctcgacacgccgcgcaagcaccgcctgatccgcagcgtctacgagctgctcgacgagcaggacgcggagtccgggggcgacgacggcgcggcccggcgcgattcgaacagtaatgtccgttcgatccggaacgtggtggatgatgacgatccgaccgcgggcatcgacccgcagcggtacgcggcgcatccgaagaccgacaatatcgacatcgacaactgggactag,0,1.55555555555556,2,0.444444444444444,0,1.88235294117647,1.17647058823529,0.941176470588235,0,1.8,0.428571428571429,0.3,0,2.45454545454545,1,0.545454545454545,0.571428571428571,1.33333333333333,1.42857142857143,0.666666666666667,0,1.68421052631579,2.10526315789474,0.210526315789474,1.07142857142857,2.14285714285714,1.92857142857143,0.428571428571429,0,2.44444444444444,2.22222222222222,0.444444444444444,1,1.63636363636364,1,0.363636363636364,0.648648648648649,1.2972972972973,1.2972972972973,0.756756756756757,0.48,2.08,1.12,0.32,0.181818181818182,2.54545454545455,0.909090909090909,0.363636363636364,0,2,3,0,0.3,1.5,1.8,0.3,0,NA,1,NA,0,1.5,0.888888888888889,0.5
Corynebacterium phage Juicebox,Duplodnaviria,HOU25_gp35,bacteria,NC_048070,YP_009812804_35,ttgccgtacggtttgggcatgaccgcaaagactgctgaaaggcttgctaggccgcccctgatggtgccaatccggctccttcgtgcggtcgctggcctgactatcgacgaactggtcgcccgcatcgaggaggagaccggtcgtcgctacacccgcggcgccatcagcgccatcgaaaacggccaccgcggcgccagccgcgagctgatcgacgggctcgctgccgcctacggaatcgaccccgccgacatccgcaccgaatacaccccgcgcggcacgaccgtggccgcgccgggcgtcggtaagcaggaagcgggggcggcgtga,0,2,2,0,0,2.66666666666667,0.444444444444444,0.888888888888889,0,6,1,0,0,3,1,0,0,2,2,0,0.571428571428571,1.14285714285714,2.28571428571429,0,0,3.5,0.5,1,0,1.2,2.4,1.2,1.11111111111111,2,0.888888888888889,0,0.222222222222222,1.77777777777778,1.11111111111111,0.888888888888889,0.307692307692308,2.15384615384615,0.615384615384615,0.923076923076923,0,2.4,1.6,0,0,2,0,0,0,0,0,0,3,NA,NA,NA,0,NA,1.2,NA
Corynebacterium phage Juicebox,Duplodnaviria,HOU25_gp36,bacteria,NC_048070,YP_009812805_36,gtgatgaacgagctcgtccacaccaatgccgacggcacgccgacgacgactaccgagatcattgcggcgggcaccgggctgcagcacgccagcgtcatcaagctgatccgccacaacatcgccgacttcgaggagttcggcttggtcggatttgaaatccgagcaagagcgaaaggtcagcacggtggaggtgacaccgagtacgccgtcctcaatcgcgagcacgcgatgttcgcgatgacgatgttccgcaacaacgccgtcgtcatcgagttcaagaaggccctcattcgagcgttcaccgaaatggagaagcggctcgcggtcccggtaatcgacggtgcgtcgatcacgcgcatggagctcatccagatcgcgatgaacgccgaaaccgagcgcctgcagctcgaggcgaagaacaaggagctcgagccgaaggccgaggcctacgactccttcctcgacgccaccggcaagtattcggtgggcaacgtcgggaagatgctcggcatcggtcagaacaagctcttccgcgagctccgcaatcggggtgtgttcatcgctgccggcagcaagcgcaacacgccgtaccagaagtacatgcaccactttgaggtcatccctcgcgagtttgagaagaggaacggtgacctgggctgctcgtacacgacgtacgtgcagccgtcggggatcgacttcatccgtaagaagctcggtcttgagcgcattgatcccgtgttgccggaaacggctggagcgggagaggtggcgtga,0.125,1.53846153846154,1.875,0.461538461538462,0,1.64705882352941,2.11764705882353,0.235294117647059,0.352941176470588,1.71428571428571,0.352941176470588,0,0,2.5,1,0.5,0,2,2,0,0,0.5,3,0.5,0.705882352941177,3.52941176470588,0.705882352941177,0.352941176470588,0,3.78947368421053,1.26315789473684,0.315789473684211,0.333333333333333,1.77777777777778,1.66666666666667,0.222222222222222,0.153846153846154,1.69230769230769,1.84615384615385,0.307692307692308,0.695652173913043,1.39130434782609,0.521739130434783,1.39130434782609,0.25,2.25,1.5,0,0,1.71428571428571,0,0.285714285714286,0,0.857142857142857,3.42857142857143,0,3,2,NA,0,0,1.53846153846154,0.631578947368421,0.461538461538462
Corynebacterium phage Juicebox,Duplodnaviria,HOU25_gp37,bacteria,NC_048070,YP_009812806_37,atggctgccgacccgtggctcttggcgcaggtccgcacccgtgccacgcagctcgtcgaggactggtccgagcgcgtctacgtccggtgcgtcgtggatgggctcgaggccgagggcatcgaggacgttcgacatctgtcggccgacgaactcgacgcgctgatcattcggcacaccgttgccccgctcatgggcgacgacgaggacgtggcgtga,NA,NA,NA,NA,0,2.66666666666667,1.33333333333333,0,0,0,0,0,0,2,1,1,0,1,2,1,0,0,4,0,1,2,2,1,0,3.75,1.5,0,0.285714285714286,1.77777777777778,1.71428571428571,0.222222222222222,0,2.22222222222222,1.33333333333333,0.444444444444444,0,2.66666666666667,1.33333333333333,0,0,2.22222222222222,0.888888888888889,0.888888888888889,0,2,0,0,0,3,3,0,3,2,1,0,0,NA,0.75,NA
Corynebacterium phage Juicebox,Duplodnaviria,HOU25_gp38,bacteria,NC_048070,YP_009812807_38,gtgatgagcgcccccatcaaagtcgccgcggctgccgcggcgcggatcgtctccctcttcgggtgggtgccggcgtcgcgcgccggggcggtcaccggactcgcgcttccccctgtcggatcggttgtcggtcccgaccggggccgccgatgcggccgcgagtccttcaagccggtgcgtcaaagcggcttcttcgttgttcttcgccgccaagccttgccccatggcctgcacgtctgcggatctcctcaggtcggccggggctgcgcaccacctagccagaaaaccagaaaagcgacccgcacctgctgcaacaggttcgcgcgggccgctcctagttcgagaggaactgacatgaacgatacccgatcgtatgcaccagaggtggtgacgatgcccatcatcctgactggccctgagatccgcgcgtatttgcggatcgacagcgcgcagctgtcgaggctggccaaccgtgacgaggatccgttgccggcccgtaagtcgcagggtatggggtggcgtgctcgtcgcgctgacctcgatgactggctggaccgccagggggtggcggcatga,1.2,2,0.8,0,0,2.5,0.5,1,0.48,1.71428571428571,0.48,0.428571428571429,0,3,1,0,0.571428571428571,1,1.42857142857143,1,0.5,1.25,1,1.25,0.48,2.16,1.2,1.2,0,1.38461538461538,2.30769230769231,0.923076923076923,0,1.4,2,0.6,0.461538461538462,1.23076923076923,1.69230769230769,0.615384615384615,0.941176470588235,1.64705882352941,0.941176470588235,0.470588235294118,0,1.75,1.5,0.75,0,0,0,2,0,0.857142857142857,2.57142857142857,0.428571428571429,3,2,1,0,0,2,1.38461538461538,0
Corynebacterium phage Juicebox,Duplodnaviria,HOU25_gp39,bacteria,NC_048070,YP_009812808_39,atgatccgcgaagacctgcgggggttgaagcccctgatggccgagccgctgtccgtcgtgatgtggacggcgccgggttgcgcgcattgccgccgcaccgagtccatgctggcgcgccatgaggtgccggtctctacgcagccgctcgacgacgacatcttggagttcgccgactcgatggggttccgtgaggccccggtggtgctgggcgtgcgcccggacgggacgtccacgtggtgggcgggcctcgacttcgggaagatcgccgagttcgtgggcctggccaggaaggcggccgaccatgtctga,0,NA,2,NA,0,0.8,3.2,0,0,0,0.75,0,0,3,1,0,0,0,2,2,0,0.571428571428571,3.42857142857143,0,0,3.75,0.75,0.75,0,1.2,3.6,0,0.285714285714286,2,1.71428571428571,0,0,2.18181818181818,1.81818181818182,0,0,1.5,2,0.5,0,1.33333333333333,2.66666666666667,0,0,NA,0,NA,0,3.6,1.2,1.2,3,2,1,0,0,2,1.2,0
Corynebacterium phage Juicebox,Duplodnaviria,HOU25_gp40,bacteria,NC_048070,YP_009812809_40,atgtctgatctgccgtcctgggtggccgtcgagttcgacgtcgagcatgagctggctgaggcgatgtacccgaaccgctaccgtgccgcgtaccgcgcggtgtgggacgcccgcgatcgcatcgcgctcgtcggcaagctgctgtccttctccgccggcgtgatggcggcccactcgctagtgcagactgccgtgaccgcgtccgagacgctcaacgccgtccccgtgctgtggggcgccggggtcatcggatggacgtgggcggcgcgtgcgctgtggacgacgtcgcggcggatcgaggaggtcgtgccgtga,0,2,2,0,0,0.666666666666667,2.66666666666667,0.666666666666667,0,0,0,0,0,3,1,0,0,1,2,1,0,1,3,0,0,3,1.5,1.5,0.666666666666667,1.33333333333333,4,0,0,1,2,1,0,1.77777777777778,2,0.222222222222222,0.8,2.4,0.8,0,0,1.84615384615385,2.15384615384615,0,0,2,0,0,0,3.42857142857143,1.71428571428571,0.857142857142857,3,NA,1,NA,0,2,0,0
Corynebacterium phage Juicebox,Duplodnaviria,HOU25_gp41,bacteria,NC_048070,YP_009812810_41,gtgaccgtgcagctgctcgcgcgcaggaagtacccggacgcgaggggccgcctcgtctacctcatttggatcgacccgacggtccggccgatgcgggtgggggcgctgcacctgggggacttgtgcgacgtaatgcccaacagcttcgtgcagcctcagcgagcgacacctccgaggcccccgcagacggggaccggccggttcgtctcgctcaccgaactcaagacctgggtcgccgcgcagccggacaagaaaacccgcgaggccctggccaacgtcctggcgtgggccgacgccatttcgaccgaatacgcactgacggaggacctgtga,0.5,2,1.5,0,0.4,2.4,1.2,0,0,2,1.8,0,0,1,1,2,0,2,2,0,0,0.8,2.4,0.8,0.6,1.8,1.8,0,0,2.30769230769231,3.23076923076923,0,1,2,1,0,0.333333333333333,1.66666666666667,2,0,0,1.6,2.4,0,0.4,2,1.6,0,0,2,0,0,0,0,4,0,3,2,1,0,0,2,0.461538461538462,0
Corynebacterium phage Juicebox,Duplodnaviria,HOU25_gp42,bacteria,NC_048070,YP_009812811_42,gtgatggccagcccacttgccaaccgccgcgccgaagacggccccgacaaggccacctggacttcgacggctcgtctgcttgccgccgaccgcgtgccccgcacctacggcccggcgcagcgtccgcgccaccggcgtcgtatccgcccggccctgtggcgtctgcgccgcatgcgcggcgacgtcgccggcgtcgtcgtcatcactgcctgcctgatcgccctgctgggcatcacctggctcacgttgctggcggcgttcctgtga,0,2,2,0,0,1.71428571428571,1.14285714285714,1.14285714285714,0,3,0,0,0,3,1,0,0,2,2,0,0.666666666666667,1.33333333333333,2,0,0,3.6,0.4,2,0,0.5,4,1,2,2,0,0,0,2.85714285714286,0.857142857142857,0.285714285714286,0,4,0,0,0,2.66666666666667,1.33333333333333,0,0,2,0,0,0,0,3,0,3,2,1,0,0,2,0.5,0
Corynebacterium phage Juicebox,Duplodnaviria,HOU25_gp43,bacteria,NC_048070,YP_009812812_43,gtgaccgcgcagatgaccggccgtcgcaccgtggcgccgcgccggccgacggtgcgtgcgtgcgcgtggatcgccgtccgggagaccgtcggcctgctgctgccgaggaggtggcggtga,NA,NA,NA,NA,0,3.2,0.8,0,0,NA,1.33333333333333,NA,0,3,1,0,0,NA,2,NA,0,0,4,0,0,1.33333333333333,2,1.33333333333333,0,0,6,0,0,NA,2,NA,0,0.8,3.2,0,0,4,0,0,0,1.6,2.4,0,0,NA,0,NA,NA,NA,NA,NA,3,2,1,0,0,NA,0,NA
Corynebacterium phage Juicebox,Duplodnaviria,HOU25_gp44,bacteria,NC_048070,YP_009812813_44,gtgatgccgtggaagaagctcgaaccgcccggcgagcgtcgctgccgggattgcggcgagccgatcctctgggcgacgacgacgtcgggcaagcgcatcccgctggatccgtcggtggatccggccggggtggtgcggctggtgcgcggcgtcgccgagcagctggggccccgggatgcggaggagcgggcggcggcgggggagaagctcttccgcccacatgtggcgtcgtgcctggcgcggcgcccgcgcggcaacgcgggcatgccgccggcggcccgcgaggccatccgccgccggcaggaccccgcggagaggatccgcgtcgagatggccaagcgcggcaacggccgccgacgattcgggaggccggatggatga,0,2,2,0,0,0,4,0,0,0,0.521739130434783,0,0,3,1,0,0,0,2,2,0.285714285714286,0.857142857142857,2.85714285714286,0,0.521739130434783,3.1304347826087,1.56521739130435,0.260869565217391,0,2.57142857142857,3.42857142857143,0,0.2,0.333333333333333,1.8,1.66666666666667,0,1.33333333333333,2.66666666666667,0,0.307692307692308,2.46153846153846,1.23076923076923,0,0,1,3,0,0,NA,0,NA,0,0,6,0,3,2,1,0,0,2,0,0
Corynebacterium phage Juicebox,Duplodnaviria,HOU25_gp45,bacteria,NC_048070,YP_009812814_45,atggatgacgaggacgacgaccgcgaggcgtgccggtggtgtgacgaccaggcgccgaagcgtcgccggcagatccaccgctggatcgaaggactgcagaagcaaccgtccggggaaatccccggccaaatgacacttgaggagggactgtga,0,NA,2,NA,4,0,0,0,0,0,0,0,0,3,1,0,0.8,2,1.2,0,0,1.33333333333333,2.66666666666667,0,0,3,2,1,0,0,4,2,0.666666666666667,1.71428571428571,1.33333333333333,0.285714285714286,0,0,4,0,2,1,1,0,NA,NA,NA,NA,0,NA,0,NA,0,6,0,0,3,1,1,1,0,NA,0,NA
Corynebacterium phage Juicebox,Duplodnaviria,HOU25_gp46,bacteria,NC_048070,YP_009812815_46,gtgatgaccagtctcgaagttcgaaccaccgagtccgattacgtgcccgacgaccccgatcagcacgacgagggggatgagcagcaggagtcgatgccgacgcggctgcagttcaccgcgccggcgtcgcagctcgcccgggcgttgcaggccgtcaagcccgtggccgacggcaaggacaagtcgggcacctacgacaccgtgcgggtggaggtcaccgactccggcgtcgtcgccgtcacggcgcggggtccgctgatgatgatcagcgcccttgtgcccgatgccgacgcattcggcgagggggccgtggaggtgtccgtggccacggccaatgagctggtcaaggtgtgccgctcgaagccgacgtcggatgccgacgttgatgcgctggtggtgcagcgttcggatgcggttgagctcgaattgatttacgggctgccgatctgccagcaccgcacacgccggccgacggcgacgccgcggcagaagccgcaggccgtgttcaatgccgtggcccgggtcgtcggtgagcatgaggctgcgccgatgctggcgccgtcgacgcgcaccggaaagaccggcgagggggagaagccaccgacgcagctggcgatgacgccggctcagtctgcggctctggcgaaggccgctcacgtggccgggccggtccggttggcgtacaccgccgtcgatggccggttcctcgcccgcatcggtggcgacgtcgcgatggtgttcgtgtgcaatggcgacgacgtcgccggcagcgacggtggcggcgaccacggcggcgacggtgatggtggtggcccgacggggccggtcgtcgatggcgccgtaggtgacgtaattgacgcggagatcgtcgaagaagaaaccgtcgacgaaatcccggcgctgggcccggggctgcgtctggtcgaggctcgaccgatcggcggtgtctcgtga,0,0,2,2,0.181818181818182,2,1.81818181818182,0,0,0.8,0,0.4,0,2.25,1,0.75,0,1.6,2,0.4,0.173913043478261,0.695652173913043,3.1304347826087,0,0.666666666666667,1.66666666666667,3,0.666666666666667,0,1.26315789473684,3.47368421052632,0.315789473684211,0.571428571428571,1.28571428571429,1.42857142857143,0.714285714285714,0.0975609756097561,1.85365853658537,1.5609756097561,0.48780487804878,0.117647058823529,2,0.823529411764706,1.05882352941176,0.2,1.8,1.7,0.3,0,2,0,0,0,1.2,3.2,0.4,3,2,NA,0,0,2,0.947368421052632,0
Corynebacterium phage Juicebox,Duplodnaviria,HOU25_gp47,bacteria,NC_048070,YP_009812816_47,gtgaatccgcaggaggcaaaggacgccctggcccgcatgtccacgtggcagggcatgagcaatgacgaggcccacgatctcctcggcgaggcgctggagttcatcgcgtcgatgcgcaccgagtacggcgtgacctacgcggtggcatcggaggacccgctgggcgggccgattgagttcgacaccggccagtggcacgaatcccgcgacgaggcgcgccgcgacttcggcaaggtcctcgaggaggacccggaggtcgtccgcctggtcggccggcacgtgtccccgttggagacgatgacgaccgccgtgaggggtgagcggtcatga,0,0,2,2,0,2.28571428571429,1.71428571428571,0,0,0.857142857142857,0.666666666666667,0,0,1.5,1,1.5,0,2,2,0,0,0,4,0,0,4,1.33333333333333,0,0,2.25,3,0,0.142857142857143,1.75,1.85714285714286,0.25,0.8,1.6,1.6,0,0,3.11111111111111,0.444444444444444,0.444444444444444,0,1.77777777777778,2.22222222222222,0,0,2,0,0,0.857142857142857,2.57142857142857,1.71428571428571,0,3,NA,1,NA,0,2,0.75,0
Corynebacterium phage Juicebox,Duplodnaviria,HOU25_gp48,bacteria,NC_048070,YP_009812817_48,atgacggccccggtgctgagcccgtggggctgtctcgtcgctgccggtgtggatcccgaggatgcggactggctgctgatgcagctgccgatcatcggctaccgggatattccggcggccgccaccgtcctggcccgggtcgccgccgtcggccaggtcttggccgcggatctgatgtggctgcgcacggcgcagggcgtgcggcgctcaccggcccgcgctccgctcgacgaactggaggcaggcgcgacctacgacgagctccgcgccgcactggatgaagcggagcagatccgcctggcggagtggggagtggtccagcgatga,NA,NA,NA,NA,0,2,2,0,0,3,0,0,0,2.25,1,0.75,0,NA,2,NA,0,0.571428571428571,3.42857142857143,0,0.666666666666667,3.33333333333333,2,0,0,1.28571428571429,4.28571428571429,0,0.571428571428571,0.75,1.42857142857143,1.25,0.380952380952381,1.9047619047619,1.33333333333333,0.380952380952381,0.571428571428571,2.85714285714286,0,0.571428571428571,0,2.4,1.6,0,0,2,0,0,3,0,0,0,3,0,1,2,0,NA,0.428571428571429,NA
Corynebacterium phage Juicebox,Duplodnaviria,HOU25_gp49,bacteria,NC_048070,YP_009812818_49,atgaccgagcacaccctcgtcaagcgcgtcgactacgccggccacatctgggtccgcgacggcgcggcatgggtcaacccggagacggggatccgccgcatcgcgccgaagttcgccatttccgacgcctacaccggccacgacttcccagcccaggagggcgactcatga,0,2,2,0,0,3,1,0,0,0,0,0,0,2.25,1,0.75,0,2,2,0,1.33333333333333,0,2.66666666666667,0,0,6,0,0,0,6,0,0,0,2,2,0,0.571428571428571,2.28571428571429,1.14285714285714,0,0,3.2,0.8,0,0,4,0,0,0,2,0,0,3,3,0,0,3,NA,1,NA,0,2,0,0
Corynebacterium phage Juicebox,Duplodnaviria,HOU25_gp50,bacteria,NC_048070,YP_009812819_50,atgaccatgctcccgaaagcccgagtcaagcggactgagggccgtcaaccgctcaacgcattcgtcacgctcatcacctaccggtgggaggtcaccatcgacggtgccatcgtggccgagttcgacaaccaccccgattccatcacgtacgcccaccgcagggcatccgaggcgcagggcgaccacgtcgaacgactcgaaacacaagccgccgaagctcgcgatgccgccgaaaaagcctacttcgccacccgcccgaagccagccgaaaccccggtcgcgagggtcctccacgattcggcaacccggtacgtccagggcttcaaaaccgacgccctcaacatcttcggaatccgtccatga,1.2,2,0.8,0,0.363636363636364,2.54545454545455,0.727272727272727,0.363636363636364,0,0,1,0,0,3,1,0,1,2,1,0,1.14285714285714,0.571428571428571,2.28571428571429,0,1,1.5,1.5,1,0,6,0,0,1.11111111111111,1.14285714285714,0.888888888888889,0.857142857142857,0.666666666666667,2.66666666666667,0.444444444444444,0.222222222222222,0.8,2.4,0,0.8,0,3.5,0.5,0,0,2,0,0,0,4,2,0,3,NA,1,NA,0,2,0,0
Corynebacterium phage Juicebox,Duplodnaviria,HOU25_gp51,bacteria,NC_048070,YP_009812820_51,atgatctcgccacccgagggaatcgccgccgccttctccgcgatcggtcgggcgatggaagaggtcggcgacgccgcaaaccaggtgttcggccacatcatccgcgccgcccgcgaaaccgaacgcgaacgccaccgccgcccccacgaggtgccggcgggcaagcaccgccgcccctacgggaggaaccgatga,0,2,2,0,0,4,0,0,0,0,0.545454545454545,0,0,3,1,0,0,2,2,0,0.8,2.4,0.8,0,0.545454545454545,4.36363636363636,0.545454545454545,0,NA,NA,NA,NA,1.14285714285714,2,0.857142857142857,0,0.4,2.4,1.2,0,0.666666666666667,2,0.666666666666667,0.666666666666667,0,1.33333333333333,2.66666666666667,0,0,2,0,0,0,3,3,0,3,NA,NA,NA,NA,2,NA,0
Corynebacterium phage Juicebox,Duplodnaviria,HOU25_gp52,bacteria,NC_048070,YP_009812821_52,atgaccgaacagaccacccgcgccgcaatcatcgggtgcgccgtcgccgcggctgtcgtggccgtgtgcctgatctgggcggtgcttgctgtcccggacgccaccacggcccggccctccactgcgccatcaagcgtcaccgagaccacgaccgcgacgaccgtcaccacgacggcgacggtcacgttcacccacgcgacgagctgcccgccgtcgccgagcaaggactactag,0,NA,2,NA,0,2.10526315789474,1.68421052631579,0.210526315789474,0,3,0,0,0,3,1,0,0,2,2,0,0.666666666666667,0.666666666666667,2.66666666666667,0,0,3,3,0,0,0,3,3,1,2,1,0,0.266666666666667,1.6,1.6,0.533333333333333,0,0,4,0,0,2.66666666666667,1.33333333333333,0,0,2,3,0,1,1,1,0,0,2,1,0,0,2,0,0
Corynebacterium phage Juicebox,Duplodnaviria,HOU25_gp53,bacteria,NC_048070,YP_009812822_53,atgacccgctcactgttcgctccgctgcgcgtcaccgcgcgcgagctgcgccccggccagctcgtctcccgcccccgcggcccgctgttcacgatcaccgacgtcgatgcaatcgcggccgccggcgtcattgtccgcggccgggaccaccggcacgggggactcgtcgaggtcggctgctccagcgacaccagtttcgaggtgcaccaatga,NA,NA,NA,NA,0,3.2,0.8,0,0,1.2,0,1.2,0,2,1,1,1,2,1,0,0,2,2,0,0,4.66666666666667,1.33333333333333,0,0,2,4,0,0,1.5,2,0.5,0.666666666666667,1.33333333333333,1.33333333333333,0.666666666666667,0.571428571428571,2.85714285714286,0.571428571428571,0,0,3.5,0.5,0,0,NA,0,NA,1.2,2.4,0,0,3,2,NA,0,0,2,0,0
Corynebacterium phage Juicebox,Duplodnaviria,HOU25_gp54,bacteria,NC_048070,YP_009812823_54,atgagccgcccgcatccaccgcgccgccagatcgtcccgctcccggcccgcgtcgccgagctgatcgaggccgggtggacgtcgcaatcgatcgcgctggccgcgaagatcgccccgtcgacgctgcacgaggcgctcaagtcaggcacggtcaccaagcgcacggctcgccgcctgatggccgcggacatggatgcggcgccgatccagcccgcctggcgtgcgacgcgccgactccgcgcgcttgctgccgccggtgtaccgctggagacgttggccaaggagatcggcacccaccccgcgcacgtctccgcgatcctgcacggcaagactgagcagatccgccgcgacctcttcctcgccattgaccgggtgtggcgggcccgcgagaacgaccccgtatcgcagccgtccgtggagatcatcgcccgtgggtgggctgtgccgtgggagtgggacgacatcgacgaccccgcgacggacttgcacgccgaccggatcaccgacaccgacgcggtgcgcgcggcgatcacccgcgcccgcacagagttcggcgacgaggccaccgccaaggcgatcggcatccaccgctaccggctctccgagttcccgcggaccccgcggatgctcacctcgagggccaatcagatcctgggggatctgcggcgtctgcgcgcccgtgagcgcgacgcgatgatccgggcgggggccgtggcatga,0,1,2,1,0.235294117647059,1.88235294117647,1.64705882352941,0.235294117647059,0,0.6,0.1875,0,0,2.83333333333333,1,0.166666666666667,0.333333333333333,1.71428571428571,1.66666666666667,0.285714285714286,0.25,1,2.75,0,0.1875,3.375,1.5,0.75,0,2.21052631578947,2.84210526315789,0.315789473684211,0,1.75,2,0.25,0.0975609756097561,1.95121951219512,1.65853658536585,0.292682926829268,0,2,1.6,0.4,0.727272727272727,1.45454545454545,1.81818181818182,0,0,2,0,0,0.6,1.8,3,0,3,NA,1,NA,0,2,0.631578947368421,0
Corynebacterium phage Juicebox,Duplodnaviria,HOU25_gp55,bacteria,NC_048070,YP_009812824_55,atgactgcccggcacccaatgtctccggatacggcgctcaacgcggcaccgtgccgcgccaacccgcagggctgggattctcgcggcccgtacgaggacagccgtgaggccgaacatcggcaccgcatggcgatccaccggtgtcggcgttgtccggctctcgacgcctgcacgcgatatttgcaggagcgggaggcggagggcgaaccgatcgacggcatcgttgccggccgtctctggcgctcccgcgcggccgtgaccatcgtcggcgactgcgccgactgcggcgccgcgatggcgaaggccggcacgccggtcgctgatcgactcaccgatgatggccgtgtcattgccggccacgccggacgcggcgtgtgcacccggtgctggcacctccgcagaggtgccggcacgctccacgagctgccgagcagcggccggggccgacaggggagcgcagcatga,0,2,2,0,0,1.5,2,0.5,0.272727272727273,3.42857142857143,0,0,0,2.4,1,0.6,0,1.71428571428571,2,0.285714285714286,0.444444444444444,0,3.55555555555556,0,0.818181818181818,1.90909090909091,1.90909090909091,1.09090909090909,0,4.5,0.75,0,0.5,1,1.5,1,0.5,2,1.16666666666667,0.333333333333333,0.235294117647059,3.29411764705882,0.235294117647059,0.235294117647059,0,2,1.33333333333333,0.666666666666667,0,1,0,1,0,0.857142857142857,0,1.71428571428571,3,1.5,1,0.5,0,NA,0.75,NA
Corynebacterium phage Juicebox,Duplodnaviria,HOU25_gp56,bacteria,NC_048070,YP_009812825_56,atgaccacgccgcagctggagctcatcccgcgcactctcatcgcccccgcgcccgccgaccagtgcggcgagcaggtacccgccgacgacggccgcggattccacaagcccgactactccgccagcctgggcacccgacacctccacgacccgcgatggtggggccgcctcatccgctgccgccccggcgacgcatcggatatgacgcgcccccagtggcgccgactcatccgcgtctactccctgcctcacaatccggaatggccggccgacggcaccgacgggtggcccgagcgccgcatcgtcgccgaagaccccgacggcagccagcacgtctgcctcgtcgcctgcaactgcgagatcgccgccacccgccacgagtgggagaacggggcgatccccctgcccgacatccccgactaccgctccctcgacgagtag,0,1.33333333333333,2,0.666666666666667,0,2.28571428571429,1.14285714285714,0.571428571428571,0,2,0,0,0,3,1,0,0,2,2,0,0,2.58823529411765,1.17647058823529,0.235294117647059,1.2,4.8,0,0,0,3.81818181818182,2.18181818181818,0,0.444444444444444,1.85714285714286,1.55555555555556,0.142857142857143,0.333333333333333,3,0.666666666666667,0,0.4,2.8,0.8,0,0.8,3.2,0,0,0,2,3,0,0,3,1,0,0,2,1,0,0,2,0,0
Corynebacterium phage Juicebox,Duplodnaviria,HOU25_gp57,bacteria,NC_048070,YP_009812826_57,atggcgtgggtgaagtggtcggatacggcgaactctcatcggtgcttcatgaagctcgcggaggtcgcagcggagtcgggagacgcccgcctcgaaaccgaggtgaagggcgcggtgttctcgctggcccagtggtcggcgcagacctggtccgactacgtgatcccgtggggcgtggccatcaagattctggggatgggccgggcccgtccgctggtcgacgtcatggtcgacgtcggcctgctcatcgactgctcgaccgaggaggagaaggtctacaagctcatcgaggatgagcagggcctgttccacatcatcaagcggtccgacaagctcatgggcgccaagcgcaagcgcgaccgcaaccgcggcgcgctggtggtgccggtgctgctgcgcgatggcgcggcctgccgctataccggcgagcctgtcaacttcaagtccacgaactccgacgacggtggcaccttcgaccaccgcgcaccggatgaggagacgacgccggacaactacgtcgtcgcttcccgcggggcgaacatcgcccgaggtgaggtcccggacccggatcggcagctgccgttgatggatccgccggactctccggtgtacgacgattggatcctcgagaagctggcgacgtggccgacgattacggcccgcgtcgccaagcagatgggcatcccgaaccctttggaaactccaacgggttcggtcgaggcccccgccgaaccgggccccgcccggcgtacggcccccgccgaaccggcagccagccggcgcacggccaccaccactcaaccgaccagtcccacggatccgtccggcagccagccgtcgcgtgatccgcgatcctccgcgccgcccgcgcgagagtcgagcgccaccagggacaagggccgccaggcccgcagcctccccgccagcaaggctgaaaccccagccccttcgaccccagtgcttcgcgctcccgccggcaaccagccgcccggtgaaccccgccccgccaccgctgagtcttcgcccagcgaccggggtggcaacaagcagccccgccgacgtcgccgatcccggcgccgccggtaa,0,2,2,0,0,1.92,1.76,0.32,0,1.24137931034483,0.157894736842105,0.206896551724138,0,2.45454545454545,1,0.545454545454545,0.2,1.33333333333333,1.8,0.666666666666667,0.307692307692308,1.23076923076923,2.15384615384615,0.307692307692308,0.789473684210526,3,1.42105263157895,0.631578947368421,0,2.1,3,0.3,0.545454545454545,1.28,1.45454545454545,0.72,0.292682926829268,2.14634146341463,1.17073170731707,0.390243902439024,0.166666666666667,2.66666666666667,0.333333333333333,0.833333333333333,0,2.18181818181818,1.81818181818182,0,3,1.6,0,0.4,0,1.86206896551724,2.06896551724138,0.620689655172414,0,2,1,0,0,2,0.6,0
Corynebacterium phage Juicebox,Duplodnaviria,HOU25_gp58,bacteria,NC_048070,YP_009812827_58,atggagttctttctgactgagaccgagcaggacatgctgggccgtgatctgcacacgctcgaagtgctgggccctcgtgtcgcggacatgatggtgccgtcgacgcctgcgtccgggacgaatgcggggcggccggcgaagcgtggtggctcgcggccgccggtggtgatccacgtcctcgacgcgaagatcgatgccggggtggtgctggcgaagctggccacgcgcctggtgatgacggtcggccaggctgaagtcgggtcgcccggcaccaacgagatcgcgggcctggcggcgtggctgcaccagcacgtgctgatcatcgcggcgcagccgtgggcgcgggagcgtgcgctggaggtggcgcgggtggcccgccgggtggctgatctggtggacccgcccccgcccgtcgatgccccgccccctccccgtgcgcttggcccccacccccctcccgatcagtccccctccccatcgggtgcctgctccccggggcaggcggggcggggagcggtggcggaaggcgagggagttcttggcgtccggtgggagcacgcgggctttgcgttcggatcgtcgcggcaggtcgaggaagctgcgcgtctgctcggcgagccggtcagccgcacgacgatccgcaagtgggcgcgcgaggggcacgtggtggcgcacctgcaggacgacggcacgcagctctactcgctggccgaggtactcgaacacgcgcggcgctggcggctgcagctcgacgaggcatcgtcatga,0,1,2,1,0,0.727272727272727,2.90909090909091,0.363636363636364,0,0.428571428571429,0,0,0,3,1,0,0,2,2,0,0.166666666666667,1.5,1.66666666666667,0.666666666666667,0,1.63636363636364,2.72727272727273,1.63636363636364,0,1.5,4,0.5,0.555555555555556,1.16666666666667,1.44444444444444,0.833333333333333,0.117647058823529,0.705882352941177,2.82352941176471,0.352941176470588,0.5,2,1.16666666666667,0.333333333333333,0.16,1.28,2.4,0.16,0,2,0,0,0.428571428571429,1.71428571428571,3.42857142857143,0,3,2,1,0,0,1,0,1
Corynebacterium phage Juicebox,Duplodnaviria,HOU25_gp59,bacteria,NC_048070,YP_009812828_59,atggcgggctggcgatccaactcctgtggcccccggtcgcgcggattcccggaggccgtccgcctggcgatcctctcccgggaccggtaccagtgccagctggcctatcccggttgcgcgggcacagccaccgacgccgaccacgtcatcccggtcttcgagggcggcaacgacgagatgaccaatggtcaggccgcatgcccggcctgccacaagatcaagacccaggcggaagctgcccgcgcccggcggcgccgcgcccgccggccggccccgcggcaccccgggctccgcgccgactga,0,1.33333333333333,2,0.666666666666667,1,3,0,0,0,0,0,0,0,3,1,0,0,2,2,0,0,1.5,2.5,0,0.4,2.8,2.8,0,0,3,3,0,0.5,2,1.5,0,0.235294117647059,2.58823529411765,0.941176470588235,0.235294117647059,0.444444444444444,2.22222222222222,0.444444444444444,0.888888888888889,0,4,0,0,0,1,0,1,0,4.5,1.5,0,3,1.6,1,0.4,0,2,0,0
