virus,realm,locus_tag,host,accession,protein_id,coding,AAA,AAC,AAG,AAT,ACA,ACC,ACG,ACT,AGA,AGC,AGG,AGT,ATA,ATC,ATG,ATT,CAA,CAC,CAG,CAT,CCA,CCC,CCG,CCT,CGA,CGC,CGG,CGT,CTA,CTC,CTG,CTT,GAA,GAC,GAG,GAT,GCA,GCC,GCG,GCT,GGA,GGC,GGG,GGT,GTA,GTC,GTG,GTT,TAA,TAC,TAG,TAT,TCA,TCC,TCG,TCT,TGA,TGC,TGG,TGT,TTA,TTC,TTG,TTT
Cricetid gammaherpesvirus 2,Duplodnaviria,RHVP,vertebrates,NC_015049,YP_004207833_1,atgaaaccctgccgcaaacaggtaacaaaaaggaccaggatacctccgtgttcctttaacgggccacaaactccaaaaatactaattttttaccaatctttagtttctccacaggttcacgtgaccagacaagcaacacctgaccgtcaagtaacactaaaatgttgggccactggcttctatcctgcggacattaccataacgtggcacatgggagcagagcaactgactgatggggtggggcaggtggaaaccagaccagctggagatggaacttttcagaagtgggcagccatagaagtacctgcacataaagagcataaatatacctgtcatgtaaaacatgaggcatcaaacatggcaataactgtaactgggggcacgtcctcaccatccattggcggcccaaacatgactttactattggccatgatcatgtttgcgttaaagatagggtcgtaa,1.6,2,0.4,0,0.705882352941177,1.17647058823529,0.470588235294118,1.64705882352941,2,0,2,0,1.8,0.3,1,0.9,1.11111111111111,0.666666666666667,0.888888888888889,1.33333333333333,2,0.333333333333333,0.333333333333333,1.33333333333333,0,1,0,1,2.25,0,0.75,0,0.8,1,1.2,1,2,1,0.666666666666667,0.333333333333333,1,1.33333333333333,1.66666666666667,0,2,0,1.2,0.8,3,0.666666666666667,0,1.33333333333333,1.5,2.25,0.75,1.5,0,0.5,1,1.5,2.25,0.4,0.75,1.6
Cricetid gammaherpesvirus 2,Duplodnaviria,RHVP,vertebrates,NC_015049,YP_004207834_2,atgtccggctgtgttgtggggccggatggaaccctccttcgaggctactgtcaacaggcctatgatggcagggactacatttctttgaatgaagatctcaggacctggaccgctagagacatgtcctctcaaatttctaaaaggaaattagaagcgacagatgaagccatccatcaggggtcatatattatgggcagttgcgtgcaatggttacaaacatatctgaggctgggaaatgaaaccctgccgcaaacaggtaacaaaaaggaccaggatacctccgtgttcctttaa,1.5,0.666666666666667,0.5,1.33333333333333,1.5,2.5,0,0,1,0,4,0.75,0,0.75,1,2.25,1.25,0,0.75,2,0,0,4,0,1,0,0,0,0,1.2,1.8,1.2,2,0.75,0,1.25,0,2,1,1,0.888888888888889,1.77777777777778,0.888888888888889,0.444444444444444,0,0,3,1,3,0.8,0,1.2,0.75,2.25,0,2.25,0,0.666666666666667,1,1.33333333333333,1.2,2,0.6,0
Cricetid gammaherpesvirus 2,Duplodnaviria,RHVP,vertebrates,NC_015049,YP_004207835_3,atgcacctcttagacattttgttacttgctggtgtactgatggtcccagtcctggccaggctagggaaaagtcagggccactctttgctgtacttttacacagtcatgtccagccctgaacatggtcacacgcggtttatagttgtggggtatgttgatgacaccccaattgtgcgctatgatagtctagatcatgaacaaagggtcaggggaattgctccatggatggccgggctgggatcagactactgggataaagaaagtagcactgccaaaaatattggcaggaatatgaagacaagcatgatgactcttttaggatattataaccatagttatgatagtaagtatgtgaatgtactttgtcttaccccctccccatag,1.2,0.5,0.8,1.5,1.14285714285714,1.14285714285714,0.571428571428571,1.14285714285714,0,1.5,4,2.5,0.6,0,1,2.4,1,1,1,1,2.66666666666667,0.666666666666667,0,0.666666666666667,0,1,1,0,0.75,0.375,1.5,1.5,2,0.75,0,1.25,0,2.4,0,1.6,1.2,0.8,1.2,0.8,0.727272727272727,1.45454545454545,1.09090909090909,0.727272727272727,0,0.666666666666667,3,1.33333333333333,0.5,1,0,0.5,0,0,1,2,1.125,0,0.75,2
Cricetid gammaherpesvirus 2,Duplodnaviria,RHVP,vertebrates,NC_015049,YP_004207836_4,atgtcagaaaaacagcttcactcccctcccccccccctcccgcagccgagctgcagacgtggaagtccacagcaggcggcagtttactggattcttaaaacaccaccaactctgcaggctgctgtgaaattacacgcagcctgtttcaaggccattgtggacagtggggcacgtggagacggcctgggtccaaaagtgttctttctggaaccgagtgcaaaggaagggcgtggacactcgccctga,1.33333333333333,NA,0.666666666666667,NA,2,0,0,2,1.5,0.857142857142857,0,2.57142857142857,0,0,1,3,0,2,2,0,1.33333333333333,1.33333333333333,1,0.333333333333333,0,0,0,4.5,0,0.857142857142857,2.57142857142857,1.71428571428571,2,2,0,0,1.77777777777778,0.888888888888889,0.444444444444444,0.888888888888889,1.71428571428571,0.571428571428571,1.14285714285714,0.571428571428571,0,0,3,1,0,2,0,0,0.857142857142857,0.857142857142857,0.857142857142857,0,3,1,1,1,0.857142857142857,1.33333333333333,0,0.666666666666667
Cricetid gammaherpesvirus 2,Duplodnaviria,RHVP,vertebrates,NC_015049,YP_004207837_5,atgaaactggtcaggagtttcatcccggtcgatagtggttttggccacaagaggataaaaggacgctgggtcgctggtagtatgcattgggtaaccatgggcttcacaaaacccttaatccttcttggcttggtggccattgctcagagtgtttttgtaagggaaggggatccaataatactcaagtctagcctgccacctgaaccacaaaaggccaaccccattttggatggatacacctggaaaaggattattgagactggaaaagctgttcccatccgtgtcacccttggcaatgggggcaactgttttgtcaaccacgcccatttccagggaagaatgaaagcctgtggacgggagctgcgaattgaagatgccactgtggatgattctggggtatatgaagtgacccacaatgtgctggtacggacacctgagtttaaatggtggggactaaaattccatgaagacggatctgcctcccagccaggaaaccgcaagaggggcgttgagcttttttatgtgtctgtgtttaggaccaagccagtgttgactctgccactgataaatagcgattctgtccatattagatgcgatgatctttggaatgaggagagtgaacttttccttgagctagagcccactgggaacacgataaggcccaaaacacagggcctgggacgcaacctgtggcgtattgaggcaatgagaggagataactggaagatgatggtagactcaaggtgctgcgtggcatcaaatggacatataacatgtaccccatgggcaaaaattactttaagccaggtggctaataccaggttgctagagaatcgagcgcaggtgtgcagacaccgtggagaaaacaatttggcagaggtatcttttacctacagtcagactggagccttgccatcacctacatgtttcaatcattactttgttgttgaagaaggcaaagtgctgaggttgtgtcagggggaggaaagctatctggttggcccgaaaggagcgtggcacaagcagagacccctggggagcgggctcatgcacttgacagatggaaccagctggcagctggactacacgtcactggctgacagcggacagtatgtgataaaacacgatacatcagagaccaagtataccatcgaagtcattcccaggctcagggcggccgttcgccttataaatttgaaggaggacaggctggaacttgagtgtgtccacactggcagcagatacactgagatcatgtggactgtggaaggacagtactctacatttgaaaccagcgaagacgggacatcgataactatatatcccaactgtgcccaaggcgctgacaggagcacctggtattacaaatttggagtgaggtgcctggcgatgaatggcccctttgatggttgggccaggtgggttttgggggaggccagtaaaatggccaacaatacaaataagacagtaaactaa,1.2,0.916666666666667,0.8,1.08333333333333,1.22222222222222,1.44444444444444,0.222222222222222,1.11111111111111,1.09090909090909,1.93548387096774,2.90909090909091,1.35483870967742,1.25,0.625,1,1.125,0.285714285714286,1.14285714285714,1.71428571428571,0.857142857142857,1.45454545454545,1.63636363636364,0.363636363636364,0.545454545454545,0.363636363636364,0.727272727272727,0.363636363636364,0.545454545454545,0.428571428571429,0.428571428571429,2.14285714285714,1.28571428571429,0.9375,0.7,1.0625,1.3,0.615384615384615,1.84615384615385,0.615384615384615,0.923076923076923,1.71428571428571,1.14285714285714,0.857142857142857,0.285714285714286,0.756756756756757,0.864864864864865,1.51351351351351,0.864864864864865,3,1,0,1,0.967741935483871,0.193548387096774,0.193548387096774,1.35483870967742,0,0.833333333333333,1,1.16666666666667,0.285714285714286,0.705882352941177,1.42857142857143,1.29411764705882
Cricetid gammaherpesvirus 2,Duplodnaviria,RHVP,vertebrates,NC_015049,YP_004207838_6,atgaaagcatacactattcttcatattacatgtcttgtcctttgcctgcaccagtttatgcatgggttcccaataagatataattcaaaaaagcaatccatggcccgtgaggactttatacgtaggttgacagaactgctgcacattctggcagatgggacctccgtctttcctggatgggaagaagaggttgtgcaagactttgattttgatacccatggcctgtgcgcggccactcacagcctgcatcctttgatccccaggagcaagaaaatttcaaaaatagtccgcctcagcagaagtggctgtgcctggccacagaaacttgatgctccaaaaacaactcttttaaggtttctagataagatgaagacttactgtcaaaaactatattttatgtggtcataa,1.27272727272727,0,0.727272727272727,2,1.33333333333333,0.888888888888889,0,1.77777777777778,1.5,2,2.25,0.666666666666667,1.125,0.375,1,1.5,1.2,0.857142857142857,0.8,1.14285714285714,2,0.666666666666667,0,1.33333333333333,0,0.75,0,1.5,0.705882352941177,0.352941176470588,2.11764705882353,1.76470588235294,1.2,0.571428571428571,0.8,1.42857142857143,1.14285714285714,1.71428571428571,0.571428571428571,0.571428571428571,0.8,1.6,1.6,0,0,2.4,0.8,0.8,3,1,0,1,2,1.33333333333333,0,0,0,0.8,1,1.2,0.352941176470588,0.25,0.705882352941177,1.75
Cricetid gammaherpesvirus 2,Duplodnaviria,RHVP,vertebrates,NC_015049,YP_004207839_7,atgatggcagcgctggtggtttgtgctattttacttggggctggcatatttgcttcctcctcccctacgtgcagtaccctgccagagctatcgacagtcatgacatctggaaatccaggcacgtttcctgttcccaagggaaaggaaattaaacttaaatgtgcccctggatataaaagggtagtagcaaggatgaacataacctgtctgggaaatgaccagtggtctgaccccccaaggtgtaccaggagggaatgccaggggctgcaggagctgaaccatggaagttttgagtatgagattccagatggtggatcgaggccaacatttggcacaaaggtaacatttctgtgtaactctgggtattctctcgtgggggaacgtgaacagttttgtcaacttgtagattctaaaaatgtaggatggtcaggagacccgccaatgtgccgaaaaaagcaatgcgccccgcctcgaattccagaggatgcctacatcctggcgggagagaaagacgtgtatgaccatcttgacagtatctccttgggatgcaagaatggaaaaaagttatttggggcggcccaagcttcctgccaggagggggcctggatccctagctccttgggaccctgtgtgaagacagcatgcgcctttccaaaggcagaaaatggatatttcactctgctatcgccccaaccagatcccaataaagtgacaatcaggctcacatgtaacaatgactctgccctcctgggtcccgacaccataacctgtaataacaaaaaatggagcgccaacccaatgtgtgccttgatacacttcccaactggcagggacgtcctgtttaagaatcatacctcgaccactctggccacctacacaactccccagattttcactttgaaaacaacagaaaatcaggatgaggacgagtgggacacgacgcccccggaggaggatggagatctcacgcctccggaggatgataaccataaacaaacagaacttcccatcgaccaccccaccagggtcccgcccggtcattccacagccatcccccccaggcaggttccgatcacccctgtaattgttgttcccttagcgctgatagggctcgccctgtttggctgtgtagtagcaaagtgctgtaaatga,1.1304347826087,0.823529411764706,0.869565217391304,1.17647058823529,1.57575757575758,1.21212121212121,0.606060606060606,0.606060606060606,0,0.521739130434783,4.61538461538461,0.782608695652174,0.833333333333333,1.16666666666667,1,1,0.769230769230769,0.571428571428571,1.23076923076923,1.42857142857143,1.15789473684211,1.47368421052632,0.631578947368421,0.736842105263158,0.923076923076923,0,0,0.461538461538462,0.375,0.9375,2.4375,0.9375,0.736842105263158,1.14285714285714,1.26315789473684,0.857142857142857,0.8,1.92,0.64,0.64,1.93103448275862,0.689655172413793,0.96551724137931,0.413793103448276,1.52380952380952,0.571428571428571,0.952380952380952,0.952380952380952,0,0.571428571428571,0,1.42857142857143,0.260869565217391,1.82608695652174,1.04347826086957,1.56521739130435,3,0.8,1,1.2,0.5625,0.461538461538462,0.75,1.53846153846154
Cricetid gammaherpesvirus 2,Duplodnaviria,RHVP,vertebrates,NC_015049,YP_004207840_8,atggcagccctaattgttcttttgcttttggccctggcctcccctgcatgggccagggagaaggccgtagtgcttgaagatggaaggcttctgtactatgtgctcaaaggagaaactctcatggccctgcctgacagagagcgcccaacatcccaatctgtaatggatgaatctgaccacatctggaggagacagaaatcatgggccccagatgagcagggagtggatataacagcgcctggaaattgtggcctcagaaatgacttctactttggaagaattggacgatgtgatgccgttctggtgctggaaaatgtcaaaatgtctgatgctggtgtctactcagtggttgccttagagagacagaagacttttttcatggaggtgattgttgtggagagccaaccagtcttaagtttgacctcaattcaaaagtccagcatcggatacaggtgtgatgacatcagaaacccagaggcagaaacctttgtcagactcaggagaaagaactggtcatcccatggtgggaaattaactcaccacaaggaagagaagttctggagccatgaggccaaagatgaggatggcatgaaaatctccaacatggaggcaaaatgttgctcttatgcccctggacatataaaatgtggaagctgggcgcctatagatttttccctgtatgtttccaaacaggaggctggccagaggccgtggtgcgagcacagtggaggcaataaccttaaggatgaagactttggggggttgaacgcggggcctctgctgcagccagagtgccagaccactgagtttgatgtgacaaagaccaagtacccaagtgtgtgtcaggggactaagactgatctttctggaaaacatggaaagtggtccttccaacacccgcttttcaagcatgacctgtcagaggaagccattagtgtctacaccatttcttctcccgccacgaatgacactggcccctaccttgtggagccgatacccgagggcaataacatctcacttgacctcctggtgcatcgcaagctctatgctgccctgagtgtggcatctgtcgagccctccaaggtggtgctggactgtgtccacaatgggatgacctctgtttccaaggtttcttgggaggtcgagggtcagttgggaggctatgaaatcactgaaagcgggaagcgaatcataatcttacttgattgttggaagaactacagcaactggcagtttaggtttggggtcagatgccatgtatctgacgggccctggaccacatcctctaggtgggttatcggcgatgctatcagataa,0.740740740740741,1.06666666666667,1.25925925925926,0.933333333333333,0.8,1.4,0.2,1.6,2.72727272727273,0.9,2.18181818181818,0.75,0.714285714285714,1.42857142857143,1,0.857142857142857,0.571428571428571,0.923076923076923,1.42857142857143,1.07692307692308,1.2,1,0.6,1.2,0.545454545454545,0.545454545454545,0,0,0.157894736842105,0.947368421052632,1.89473684210526,1.57894736842105,0.645161290322581,0.8,1.35483870967742,1.2,0.769230769230769,2.15384615384615,0.461538461538462,0.615384615384615,1.57575757575758,0.96969696969697,1.09090909090909,0.363636363636364,0.352941176470588,1.05882352941176,1.64705882352941,0.941176470588235,3,1.23076923076923,0,0.769230769230769,0.9,1.65,0,1.8,0,0.666666666666667,1,1.33333333333333,0.631578947368421,0.769230769230769,0.789473684210526,1.23076923076923
Cricetid gammaherpesvirus 2,Duplodnaviria,RHVP,vertebrates,NC_015049,YP_004207841_9,atgtttgccatggatctcaggacccgcctacagtgctgctacctaacaatcagtctgctctccacaatcatcctctgcctggcagtggccctaatctgcaaatcttcctcccagcaggaaccggagagggcatttctcatgtgcccccatggatggattggatttggggacatgtgcctgtttttttccaactcttctgtcaactgtacagctgggcagaggatgtgtgagagcaagggggcgaggctggccaagtttagctccactgagcagtacaacgtgatgcagaggagcaaagggtttagtgactattggattgggctgagaagaaactccactaatgagccatggcgctgggtagacggcgaggaatacaataatctgatctctgtcaggggccagggggtgtgtgcctacctgagcgacaatggaatcagcagcgccagggagtatgcagacaggaggtggatatgcagcaagcctccaacttctgccactatatgttag,0.8,1,1.2,1,1.5,0.5,0,2,0.923076923076923,2.1,4.15384615384615,0.6,0.6,1.8,1,0.6,0,0,2,2,1.6,0.8,0.8,0.8,0,0.923076923076923,0,0,1.28571428571429,1.71428571428571,3,0,0.5,1.66666666666667,1.5,0.333333333333333,1.09090909090909,2.18181818181818,0.363636363636364,0.363636363636364,1.09090909090909,0.727272727272727,2.18181818181818,0,0.666666666666667,1.33333333333333,2,0,0,1.33333333333333,3,0.666666666666667,0,1.8,0,1.5,0,1.27272727272727,1,0.727272727272727,0,0,0,2
Cricetid gammaherpesvirus 2,Duplodnaviria,RHVP,vertebrates,NC_015049,YP_004207842_10,atgaatgggctgtattatgagccttctatcaggcacctagtcagggcggcaaggcacatggcgagagtggtgcgggggttcccggcccttctaaccactgaagcagagagggaccagatacttcatcgagcggccttccagaaccatcttcctccctctatcctaccccctatttaccctccagtccagacacatccaaacaggagttacagagtgtgctacatgtctgaagtatgttatcgggctctaactacgatgtgggatatggcctctgatcccgaccagagggaggaactttgtcagtacctgcaggaacacgagagcctttgctgtttacttagggggcgtgatggcaggaaagtcttaatgacgttggcatcaccacagaccctgttgaacatatacccggtgcagatggctgagctcagtacacccttggatcttatacaacaatgggatacttcataa,2,1.5,0,0.5,0.888888888888889,0.888888888888889,0.888888888888889,1.33333333333333,0.857142857142857,0.666666666666667,3.42857142857143,1.33333333333333,1.5,1,1,0.5,0.4,1,1.6,1,0.923076923076923,1.23076923076923,0.615384615384615,1.23076923076923,0.428571428571429,0,0.857142857142857,0.428571428571429,1.2,0.3,0.9,2.1,0.888888888888889,0.571428571428571,1.11111111111111,1.42857142857143,1.09090909090909,1.09090909090909,1.09090909090909,0.727272727272727,0,1,3,0,0.5,1.5,2,0,3,1.25,0,0.75,1.33333333333333,0,0,2.66666666666667,0,0.8,1,1.2,0.6,2,0.9,0
Cricetid gammaherpesvirus 2,Duplodnaviria,RHVP,vertebrates,NC_015049,YP_004207843_11,atgggatacttcataatcactaatagggaaggatctggcctcagtaatcatggtaatggagggatattgatactgacccaacaaagggtgatgatgggcatgtgggagaaatccaatcagctgcagcgcctggctacgtccgtggacgagctcgtggaccagggagtggaagacatgtggtatccatcatgttttccaggcatgggtgcaagactacctgggttcacagagaggcatgatggcaccctgtctacatcctctttttttgacagcccatga,2,0,0,2,1.33333333333333,1.33333333333333,0.666666666666667,0.666666666666667,1.2,0.666666666666667,3.6,0.666666666666667,2.25,0.75,1,0,0.8,0,1.2,2,3,0,0,1,0,1.2,0,0,0.75,1.5,3,0,0.8,1.6,1.2,0.4,2,0,0,2,1.33333333333333,1.33333333333333,0.666666666666667,0.666666666666667,0,0,4,0,0,1,0,1,0.666666666666667,2,0,2,3,0,1,2,0,0.8,0.75,1.2
Cricetid gammaherpesvirus 2,Duplodnaviria,RHVP,vertebrates,NC_015049,YP_004207844_12,atggcagatgtcatcaacatctatccagatgaacagcgagaggaccctgacaatccagaaaatggatcaaccatctggaaaatctcacgtgtcaagggaggatgttcaaatctcttaaaacatgtgtgtgcgggagcatgtgtgatttctattttgggggtgctgggattatcagccaggatgttatacctatccaaccatgagtcctccgatcctgtaagtaactgtaatttatccctatcagtagaggaggaaagtgctactgggcccattagttcacgcctgaaagactcacccattaaaactgctatggagaagctgctaaaaatcaaccttaccaagttctcagatttcctagaagtgttagacaaggaggagctatatcaaccagtggcaaccaaatccccaactgttgaagagtacagggccgagaggataatcctaaagacaaaatatacaagggaggatgagctgaagtatagaataaagaccactacatctccaccaccagaactcccagtatgggaggatagggcacgctacacgctggtggaatggacagggtggtatgatgatgatgggcaaaggtgggtcatgcaccaaggaaaaaaggttctctataattcattgtcatttgacctgagattgcaacattataggaaaccctggtgcctctacaatcagaaggagaaggatcagttgctgaaaacaatcattccacaactgaaatatttctatgggtctgaaatctatgggggacattatcctggtcgctgcctatttgggtgggatcagtgctggtatcacatcctggagcgcctaaaaaatgatgactggtttgcttcgtggttcatgagaccataa,1.09090909090909,0.727272727272727,0.909090909090909,1.27272727272727,1.42857142857143,1.14285714285714,0.285714285714286,1.14285714285714,1.125,0,2.625,0.818181818181818,0.375,1.6875,1,0.9375,1.11111111111111,0.666666666666667,0.888888888888889,1.33333333333333,2.5,0.75,0,0.75,0.375,1.5,0,0.375,1.54838709677419,0.774193548387097,1.74193548387097,0.193548387096774,0.727272727272727,0.666666666666667,1.27272727272727,1.33333333333333,1.6,0.8,0.4,1.2,1.86666666666667,0,1.86666666666667,0.266666666666667,0.857142857142857,0.857142857142857,1.71428571428571,0.571428571428571,3,0.5,0,1.5,2.72727272727273,1.36363636363636,0.272727272727273,0.818181818181818,0,0.857142857142857,1,1.14285714285714,0.967741935483871,1.14285714285714,0.774193548387097,0.857142857142857
Cricetid gammaherpesvirus 2,Duplodnaviria,RHVP,vertebrates,NC_015049,YP_004207845_13,atgttcttaaagatgattgtgagggctgctgggtttatatacctttgttcaaatttcattccctgcacgttccgttctgtcccagataaccatggttgtgattccatacccttcctgggaattatcacacccaccactaatgtatccatgccactgagtcctggagaagccatcagggtggtatgtcgtccaggatacagaaatataacccccaacattgagttaagatgcattggaaataactcttgggaaatgaatcaaggctgtaaaaaaagacactgtttacatcccctccctaatttaaaacacggacaaataaagtatgtatacccaacaaatgagagtggccttgtgttggggagctatgctaaggttacatgtaactggggatatgttctaagtggcaaagacttaattttctgcctgtaccagcctagcacaaagagggttgactgggacgctgccccaccatcttgcaaccccaggggatgtcccatcccatcattatctcaaaatgtcagcataccctcagaaaataaaactgtatataatcatttggattccattgccctggaatgtcaagccccacaagtcttttttggccctcccagcatcacatgcaggctgggactatggatccccgaccccactggctcgtgtttgcagtccagctgcactcttcctaatatatcacacgggtatgttgtgtatgacaacaaacatatgagggacccttcaagtgccaatgttgcctgctatccaggatatgctctgagtggccccataaacatcacatgcctgtccaataaaacctggacccccctaccaaagtgtctccctgaactagctctacccccgcccgcgtcatacagatccaacggcactcagactcccaatcctgaacagcccagcccccacgtcaccatgggcacccctaacagcggaaggaacacgtctcccaccagaataccaccacccttgccaggatatcagctttcaacttctactggcctgaggccttccacgtcctgccctcccatgttatatccttctcaaccgcccactgcacaaaccataaaaatcccacaggggtcattctatcttgtgtttttggcagcaaccccaatagtatttttattgctgctgattggggcggtgctatga,1.23076923076923,0.833333333333333,0.769230769230769,1.16666666666667,0.888888888888889,1.33333333333333,0.444444444444444,1.33333333333333,2,1.16666666666667,3.2,0.833333333333333,1.2,0.84,1,0.96,1.07692307692308,1,0.923076923076923,1,1.17647058823529,1.72549019607843,0.156862745098039,0.941176470588235,0,0,0,0.8,0.972972972972973,0.324324324324324,1.62162162162162,0.810810810810811,1.5,1.33333333333333,0.5,0.666666666666667,0.705882352941177,1.41176470588235,0.470588235294118,1.41176470588235,1.69230769230769,1.38461538461538,0.769230769230769,0.153846153846154,1,0.8,1.2,1,0,0.625,0,1.375,1.33333333333333,1.33333333333333,0.166666666666667,1.16666666666667,3,0.947368421052632,1,1.05263157894737,1.2972972972973,1.09090909090909,0.972972972972973,0.909090909090909
Cricetid gammaherpesvirus 2,Duplodnaviria,RHVP,vertebrates,NC_015049,YP_004207846_14,atgttcctctttcttccccccgccgccatggaggaaaatatttgttccctggcgactgttggcgcatgcggcttcatctacctgtgtccaaaggaacagtttccagcggccgaggccggcctcctttccaacagatacaaaggcgggaaagcctgtaccttgccactgttgaggggtctgacagtggagagtgattttgatattaatgttaaaagcccctgtcaaaaggtaacattagacgcagtcacggtgaaattatccacctatcacagagaggtcattgtttttcatggggctgagatcattcccgagatctttcacggggtgggcctggaggacgtgtgtcgccaggccagatcactttttggatacacaggatttgatccccgcccggacacctgcgacgtgactgccgctcagttactgaaagaagaatgcggaagtgatttcatcgcctgggtggctatcgcggaaggctttaaagagaggttatacagcgggagtctcgtggctctgaaaaacagaacatgcgcagttcagattaatgaggcggcctgccttaaaatcccactgtttgatgaaagatttatgccacctagcgacgaaaatgtcaggttttataatcagcacgttagcagaatgctgttcgaatgtttttataccaacgtggcacaggctgttagaattaaggacgtgggaaaaatgatccaactactggaagagcgggtggtgcaggacctcttcaagacagcaaaattttctcagttaaaagattacccaaaagatcttccagccgggccggctggaagtttgataaaattagttgatgccaccgtgacagaacttgctctcagccacgggctctcttttctggaggctccccaggagccaggaaacttaatagagtacctgcaatggccaatatttcagggcgttaagtcagacaaggaaaaactcctggccctggaggactggaatgccaaacaggccctccacgtatatgctcagctgttaagtacaaattcggttctttacttgaacagggtggcaagggctgctgccaaaaacccctctggaaaagcagaggatacttccttaaatgcttttttcttgcaacatggcctggcatttttaaacagccagactagagatgaaattgggaacgtggcctttcctggcattccagaagcttccctgtcaggaacccagtacactctgcaccatctagcatatgctgccttcttttccccaaacaaccttgcaagagtctgctactatcttcagatgtgtcagcaccagaaactaacaggcaattcatcctttgatattcccacctatgtaggcactacagccaacagccacgaatgccccctgtgtgagggacacctgccggcggtgtgcataaacaccctattttacagagtcaaggacaggtttccacaggttaccaccccccagcgccgcgatccctatgttatcacgggggtgtctggaacctacaatgacttagaagtactaggaacctttgcaaactttaaggagaaagatgacgagggggacactgctagtcgatatacatactggaagctcaattctgtactcactgaaaagctacaagatgctggcatcactgctgacacggacccaaaagaactgataacagatcctgcatcatttgtctccactttcaaactcatagataaaacagtggatggggagctggtggccttcgcagaatctatggccaagcagaacatgaactacagagaaaatgtaaagtccgcctgtcacgtgcttcagcttcagtgtaacccatactggctacccccctgtacaaccttactacagatatattacaggtccttcttgatactgatgcaggacttaacattcccactggtcatgacgcacgaacaggaaaacccattcaactatgggacggtctcaacctggcttggaaatcatttccaaactctgtggggcaattttaaaaattgctggtttgacaagggcttgttttcatgtacagattacagaatccaaaaccaggatactgcggtggaccttcctaatccccagacacttggcacaactgacaagaagttagccatcaggatgtccagggcacaaatatatggccctaaggtcttcaagattaaaaacagaatcctgttctccaactctcctggcacagaatcattgatggccaattttttaaaggtgccaaaaaaagaaaactgcatcactaacggaccctacataaaattcctgtttgagtgccacaaaacattattcccagagacaaagatgggcgcctactacacgtggcaaacattttctacatcaaaacagcttcctagacagagctgcttcaaagaagaggacattgccaatttagcccagtatgtaaaactagagagtgaggcctttgaagacacaaatgtgcttgaccacactccctcatgcttcattagctatgcaaagcagcgcctcaataatgggctactaaagctgtgtggacagacacagttctatgccacactagtaaattgcctactgccttccgtggttaaagtaggagccacagaatatcctcatgtgctgggagagtgtaggatcactgaacccgctgactaccactcccaaatcctaggaaagcgggcaactgtggtacaaacatcactgaatgaattgtgcagccaggtcttcaaactgaggcccataataacagttccaatatctgtaaataaatattttggaaccaatggaaataattccattttccaaagtgcaaacatgggatactttatgggaaggggcgttgataggagactactcccagacacccatcggggtaaacggaccataaacacctccatgagaaagaggtttatctttaccacgcccctggtccatagcttggtggcccaggccaccaaaacatcctcgcaggccttcgaggttgaaaagatcagacaaaagctcgtggactttattctgcggggaaatgaaaccgcagaagctgttgcatgtgaaattgttgctaatttgggccctgcctgctgcaccctgacgctggacgacgtcagcttcttcctgtcagactttaatgtgatgtctgagcccgtgtttgaaatattacagtccctggtggaaaaaaatgtcagcctggaagaatctacggtcaaatcccttctcctgcagccgctcccggaagaccagccctctcttatcactattaacacaacagacacgcagcccaccacctcgccaacagtccaccaagtttctacaattccaagttctaaaaaaaccaaaaagctcgagttcatgaacacaatctctctgtag,1.22388059701493,0.931034482758621,0.776119402985075,1.06896551724138,1.5632183908046,1.14942528735632,0.459770114942529,0.827586206896552,2.42857142857143,1.09859154929577,2,0.76056338028169,0.882352941176471,1.11764705882353,1,1,0.518518518518518,1.36363636363636,1.48148148148148,0.636363636363636,1.49152542372881,1.49152542372881,0.338983050847458,0.677966101694915,0.142857142857143,0.714285714285714,0.714285714285714,0,0.75,0.85,2.05,0.9,1.13846153846154,1.2,0.861538461538462,0.8,0.974358974358974,1.69230769230769,0.307692307692308,1.02564102564103,1.57142857142857,1.42857142857143,0.857142857142857,0.142857142857143,0.594594594594595,0.810810810810811,1.62162162162162,0.972972972972973,0,1.10526315789474,3,0.894736842105263,1.01408450704225,1.6056338028169,0.253521126760563,1.26760563380282,0,1.0625,1,0.9375,0.9,0.8,0.55,1.2
Cricetid gammaherpesvirus 2,Duplodnaviria,RHVP,vertebrates,NC_015049,YP_004207847_15,atgtcaaaaaacctggcagccatctatgcccaggtttatggattttgcctcgacctgagtcttgttgagtttatggaaagccactcagtaaaaattcaagctttgaaaaataatttgaggaggattgagactttgttggaaaaaattctgcccgccctaaaacaacaaaattccacctgtccaacatcgctgaccttggagctggaacacctattaataaacagcttttattggtgcaagaattatcttaacggtggggctgctaaggtgggatcgtctaggccaaaagggggcgctaaactacagttttgtctgtatgggtcagacataattatgacatgtataagcacaataaatgatattgatacactccttaagaaactgaatactgtgttttattgcatgtctcaggcctctgccataaatttgctaacagaactgcaaaccatgctgcaagattttagaggcatttcaccaattccttacccagatacttacaccctacattcttcatgcctggagtgtgttcatgatgcccatgtattccctaaccaggggtcgtccttcgccaccatgttgcaacagaacatctgttaccaccttttcccccacctcccatacgagccatgccctgctggggttgagagtgagcccagtccagcacctaccacgacagaacccctaccagatgcgcccctggccagttgccatcataatattttttccccagtcaccaccgagaccatatacttgtcaacccttctttactggacagctaatgactaccagacatctgaaaactcgccccaagaggcaaaatgttcagaactctctaaaatattcacaaaagaggcagcaagatttactgattggaaagttcatgtccagaagagaaacattccattcttcaatcattacttctgcacaacccgcccaaccccgctacagttgctattttctggcggcctatgtacatctcactgccacataatcgacgccctaaaggaagactgcactcaggcattcttaaagaaggtccaatactccacaactctaaccatgaaaagtgaacttttccataaactatctcagctcctgtcttcccataccactgaaaatcattcactgacagaaaacatgacaagcatctcatctgattttgaaacaaaaacattgtctgatgcagagaaaagaaaacaggcatactttaaaaagctctcaaccaagggggtgcgagacttggttgagtgcctaaacaaacaaacttccaggcttcaggacatgctcatccccagggtatggggcagtctattgtatcacgaggttgcccttcttatgaatcactttatttccagaaaaagacttatgtcccaaattggagacactcatttgccaactgaggaattacaaaaaaattccacatttataaaaacctctatgtatggtcataccttaaacaatgatcatttatcatccctggcacacacctactactcccttctcgttggtcccttggaggatcaggatgtaatattccacaccccactaaacattgtgctggctcaagccctggatgcagctggctggctgccccatcaaaaacatctgatagcatttgatgtcaacagtgttcagagtcccagggactggatagacccgaccttcaacaagttttactctttcccaaaacattgcttgactgctatccaaaaaacagcttggagatacataagagaattggtgttgagtgttgctgcttacaatattatttgggagcgccagttaagggtggttcccataagggcccagctgccctttccactggagaacataactagagccccgggggtctacttaacatttgaggaggacgctcccctcattcttgtgtgccaaaatgggatcaaggtatttaaagacatttatgcaatgctgtatcatcacctatatctcagttccccatag,1.40540540540541,0.933333333333333,0.594594594594595,1.06666666666667,1.46153846153846,1.53846153846154,0.0769230769230769,0.923076923076923,2.7,0.436363636363636,2.4,1.09090909090909,1.18421052631579,0.552631578947368,1,1.26315789473684,0.967741935483871,0.785714285714286,1.03225806451613,1.21428571428571,1.77777777777778,1.44444444444444,0.333333333333333,0.444444444444444,0.3,0.6,0,0,1.14285714285714,0.714285714285714,1.5,0.928571428571429,0.848484848484849,0.923076923076923,1.15151515151515,1.07692307692308,1.23076923076923,1.33333333333333,0.102564102564103,1.33333333333333,0.6,1.2,1.6,0.6,0.714285714285714,0.714285714285714,1,1.57142857142857,0,1.18518518518519,3,0.814814814814815,1.2,1.30909090909091,0.436363636363636,1.52727272727273,0,1.26315789473684,1,0.736842105263158,0.5,0.8,1.21428571428571,1.2
Cricetid gammaherpesvirus 2,Duplodnaviria,RHVP,vertebrates,NC_015049,YP_004207848_16,atggacgccatgaaatgccttatgttggccatgtccctctttttctctctctgcacgtcaaacatgctgaccccggcccctccaacaactctggacattgttgctgcaacagagacttctaataaagccaatcaaacaaaatcaaagtcagctatgggatttgacttctaccgggtctgtggagcagcagccaccggggagttgttcaggtttgacttgtccagaacatgtccaagcaccagagacaaggagcacaaggagggcattttgttaacatacaaacttaacattgtcccctacatgttttccataagaagatataggaagataataacacaattgactgtctggaggggcctgactgagactgccatcactgataagtttgaaatgagtgtaggagtgcaaccttgggagaccacagacatggacagcatataccaatgtttcaacagcgccaatatggtagtaaatgggctgctgcaagtgtacactgacagggatggggtaaacaagactgtaaacatcaggcctgtggatggcctgactggaaatattcagcgatattttagccaacctgacctctattcagatccaggatggtttcctggcatgtacagggtgaggaccaccgtcaactgtgagatagtggacatgatagcaaggtcagctgatccctacagctacattgtcaccgccctgggggacacccttgaagtctctccatttttttcaaaaaattcaacatctctgaaaaaggatcacaatttaaggcaggttacaaattacaaactggtggaccatgccaacagaggggtcactcctaaaggagataccagaatatttcttgacactccctctgctacctattcctggaaatcagaggccaaaaaggaggttacatgtcccatagttttatggaaaatgttcccaagggtcatcagaacacaacatgagcacagcttccactttgtggccaacgaagttacagcaacatttaccacgcccctgactcaagttcagaacttctctgcccagtattcttgcgtagaatcagaaattaatgaaactgtcgccaaacaattgtccaaattgaatgaaacctacaccagagatggagacatagaatactaccagacagaaggcaacatatttgttgtttgggtgcccctaagacacctgacattagaggaatataatgtgactacagaggatgggcccccagaaccaaccaagtcacccacactgtccaggcgaagaagggacgtgtcatcgtccaactcatccctatcaccagcagtatctaagggtggagaaagcgccatagtcaccgcccagattcaatttgcatatgataaactcaccaccagcgtgaatgatgtgttggaggaactgtctagggcttggtgcagggaacaagtaagggaatctctggtgtggtatgaattaagtaaagttaaccccacaagtgtaatgtctgcaatctatggaagaccagtctctgctaagtatgtgggggacgccatatctatcacagactgcatatacttggaccaggaatctgtaaacattcaccagagcatgcgcatgcaggacgatgagaccacatgttattccagacccagagtcactttcaaatttttaaacagctcaacggtgctgacagggcagctgggctccaggaaagaaatcatcctatccactgccaacatcgagccctgcaaaccagatgctgaacactacttccttgttggagattcagtgtacgtgtataaaaattacatatttgcctccaagcaaaatatatcatcaattgccacacttgacacattcatagccttaaatctcaccttcatagaaaacatagactttagaacagtggaactttactcatctgctgaaagaaagttatccagtgtgtttgatatcgaaaccatgtttagggagtataattattacacatacagcctggcaggattaaagaaggacctagacaacacaattgattacaacagggacagactcagacaggatctgtctgacatgctggcagatcttggggatataggtaaggcggtggtgaacgttgtcagttcggtagtaactgttttcagctctatagttacaggatttataaaattgtttacaaatcccataggaggtatatttattcttttaatcatagtgggaataatatttcttgttttcatactaaacagaagaaatcaggcatttgaacaggccccaataaaaatgttgtacccttctgtggaacaatacccaggatatggctcgaccgaggcccaaaatacaaatgctggttctcagatagactcagaagaaataaaacgcatcctggctggcatgcacaaggtccacgcggaggaaaaggccgcccagctggccctgaaaaagtcacgcccttccttgtggcagacggccaccgactatttacgtcataggaggcgtggctacaaggctctcaactcccgggccgaagaggcggaaaccaagctgtga,1.04545454545455,1.02439024390244,0.954545454545455,0.975609756097561,1.58904109589041,1.26027397260274,0.219178082191781,0.931506849315068,2.375,0.972972972972973,2.5,0.405405405405405,1.73076923076923,0.634615384615385,1,0.634615384615385,0.933333333333333,1.5,1.06666666666667,0.5,1.45454545454545,1.45454545454545,0.121212121212121,0.96969696969697,0.25,0.375,0.25,0.25,0.441176470588235,0.617647058823529,2.02941176470588,0.882352941176471,1.22448979591837,1.17391304347826,0.775510204081633,0.826086956521739,0.846153846153846,2.07692307692308,0.230769230769231,0.846153846153846,1.62162162162162,0.972972972972973,0.972972972972973,0.432432432432432,0.761904761904762,0.888888888888889,1.46031746031746,0.888888888888889,0,1.17948717948718,0,0.82051282051282,1.62162162162162,1.21621621621622,0.243243243243243,1.54054054054054,3,1,1,1,0.970588235294118,0.702702702702703,1.05882352941176,1.2972972972973
Cricetid gammaherpesvirus 2,Duplodnaviria,RHVP,vertebrates,NC_015049,YP_004207849_17,atgagtttctttaacccctacctatctggacacggaaaggggtcatcaaaatacccgcccccaaaaaagagacctcagaaaatagaccctcttctgagacttattccagaatgccttaggacgcaagatgctcggggatataagcaattcacctcaacactgccccctatcacctttcttaataatgtagaaaaaaacatctttatggaaaacggagatagtttatggaaacttcctccaaaactcccagaaacgggtacatctgaaaatctggaactgacatttcatgtatatgatgtctcttcgtgcacctacacgtcggaagactgtgaaaatgtgccattcagatttcaaacagacatcatgcccagtggcacagtgattagattactgggtcgcctagaagatggaactaccgtatgtgtcaatgtttttggacaactcctatatttttatgtccaggcacccaatgccctatatatcagtagcctgattcaaaatgttatggccgaacacagaggaaggggcggcccttcattcacaatctctccagagaagaagatccctctaacagagtactgcgaggaagcagaaactgtgtttaaggtcacaatgtcctcccctattgcccttttcccaatatgtgcaaaactcagggaggcgggatgcaagctctttgaaacaaatgtggatgccacccagagattcttgatagaccgggggtttaccacctttgggtggttcagatgtgtaaatgcctctgtcaggcagtgtggcaaggactccagggctcagatcgaggtggactgctcagttaatgacctggaatatctcccagatagactggactggcccccctacaacatcctagcatttgatatagagtgtgtgggagaaagtgggtttccttgccacaccaatgaacctgatcaaataattcaaatctcatgtgtcttttggaacaccctacacaaaaccacccaaaagaccctcctcagcattggaacttgcgcacccctggatgatacaacaatatatgaatttccttcagagtttgacatgttgatgggctttctgggacttcttagagatggggatattgaatttatcactggctacaatatttccaactttgatctgccatacataatcaacagggccaccctgctctacaacataaattgtggccaatattgcaaggttttaaaaaattcaacattcgaggtgagacagcccatggacagtggtgctgggttcatgagagcccaatcaaaaataagaatttctggcattgttccaatagacatgtatgtggtgtgcaaggacaagctcagcctatctgactacaagctcaacactgtagcaacccactgcctgaaggcctgcaaagaagatgtctcttacaaagaaatcccaaccctgttcaggcgtgggccacaggagagagcacgcgtgggcaaatactgcgtgatggattctttactggtgttagatttactaaagtattttatgtctcacgtggaaatagcagaaataggaaagctagcaaaaatacctttaaggagagttctcacagacgggcaacaaatcagggtctggtctagcctgttggatgccagccgacaagaagggtatatactgccctcatgtggcacccacgatcaacaacagggctaccagggcgctacagtaattaatccagttcctggattttataatactcccatattggttgtagacttcgccagcctttatccaagcattatccaagcgcataacctgtgctattccaccattattccccatgaaaaattgtccttgtatcatgatttacaggccacagattatgacacctttaatttggcatctggtcctgtgcattttgttaaacctcacaaaaaagaatcagtcttgtccagactccttactaaatggttggccaagagaaaggaaataagaaaagagatggccaactgcacggacgaaacacataagaccattctggacaaacaacaactggcaatcaaactcacctgtaactctgtatatggtttcactggtgttgcgtctggtctcctgccctgccttaaaattgcagaaactgtcacctacagggggcgccagatgttagaagaatcaaaggctttcatagagaacatcacccccatcacccttcaagagataacaggcacagcatattcaatgtctggaacattccaggtgatctatggggacacagattccctcttcatcaagtgtgagaactattcactggatgaggttttggatttttgtgaaaagctagcagacagggtcaccaaggaactcttcagaccacccataaagctggaagcagaaaaaacattcaagagtctgctaatgatagcaaaaaaaaggtatattgggattctgagtaattcaaagaggctcatgaagggtgtggaccttgtaagaaaaactgcttgcatttttgtgcaagaaaaaacatcatcaatagttgaccttattttacacgacccagatgctaaagaagctgcacaggaaatttccagatgtccaaaagatcactcatacaaatctgggcttccttctgggttcagtaaaattatacaggcacttaacagtagcctaaatcagctagtgtgtgctgaaattcccatagaaaaactgacattcaccaatgaattgagtaggcccctatcagaatataaaacacaaaccctgccccatctcatagtttacaaaaaactagcctcaagacaagaagaactgccccagatacatgacagaattccatacgtctatgtggaaggatctaagaaggatctcaagtcaagtttggcagaacatccggcctacgtggtccaacacagagtacccatcgcccacgaggtatattttgataaacttctgcactctgttgccaatattcttcagtgtctatttcacaacgacctgggcctaacagtaaaaatcctctacaacttcacagaaggctacccaaccaacctactgtctgtactgaaaaggtgggaagcattaaactcaaaccatggatga,1.1304347826087,0.975609756097561,0.869565217391304,1.02439024390244,1.55223880597015,1.61194029850746,0.238805970149254,0.597014925373134,3.06666666666667,0.657534246575342,2,0.986301369863014,1.05633802816901,0.887323943661972,1,1.05633802816901,1.15,1.16666666666667,0.85,0.833333333333333,1.35714285714286,1.42857142857143,0.142857142857143,1.07142857142857,0.133333333333333,0.4,0.266666666666667,0.133333333333333,1.01785714285714,1.07142857142857,1.71428571428571,0.964285714285714,1.51612903225806,0.961538461538462,0.483870967741935,1.03846153846154,1.63265306122449,1.38775510204082,0.244897959183673,0.73469387755102,1.20754716981132,1.13207547169811,1.05660377358491,0.60377358490566,0.866666666666667,0.866666666666667,1.33333333333333,0.933333333333333,0,0.883720930232558,0,1.11627906976744,1.80821917808219,0.73972602739726,0.164383561643836,1.64383561643836,3,1.03225806451613,1,0.967741935483871,0.589285714285714,0.851063829787234,0.642857142857143,1.14893617021277
Cricetid gammaherpesvirus 2,Duplodnaviria,RHVP,vertebrates,NC_015049,YP_004207850_18,atggatgacaggctgaaacatgtgcctcaaaaggcctttggggactggaaaatttactgggacaaccattccctcttatgtgagaatatagctacaattaatacttcaggccataaaggccacatgattttgcccttatcctatacatttagggatattgcacaaacccattttgcatttggccttgttccaagcatcttcgatggcgtggagaaccaagcagcgtgtgtcatcatgatgggggaaaaatcaacccagagcctggatgtcattcccacaattattgatgagattgacattcccataaacctgcacatgaagccaaaggtatcctcatttgctcccaaaaccataaggttcaggtttatattcattggaaaccagaacatatcagctgccagtatatgtgttgggaaaattgaccatacaattcctcctggagcaaagatggcacaaatatctatcacctactcgggagacaagaaactgtgtctgggaaatgttaacacaacattttttcgcacaggataccacaacagttacatatgctacttgcagtcacccaaacccctgacagcctacaggcttctaaggtctaaatttcatgctgagcaaccattacatgaagacatgcttggagggttctgcatagatcaaatagaccatgctggcaccctctacagaataaaagttaagttatgtggtacggacagcacaatggtgaatggaaatatccttttggggctcttggatgcagaaaccccaatcatgctaggagctacccataaaattgtcagactgccaccaggtggccgctgtttcacaataacccacgaaaataaaacaaccctgccccctcatcagtccacgccctacaaatgccatgcacatttttacacaacagacaacaagcctgctgtatttctcattcttgggctaaattccacatcctctgtggcagtctctccaagcttgtgggtagaagatgggcacggtgacctcatgctacataatgttacaaataaagtcacacctataaatgaaactgacattctgggggcatgtgtgctgataagaagccatgctcaacctgctctcttgtcacaactaagctgccgcccgtgccctttcttcttcgacagcgaaaacactgtggcagtatttgaatctctctttgtcactacaaactgtggactgcagtttgtcaattaccctgcaaggccaatacaccatgaccagccaagacccatggaccactga,1.33333333333333,0.952380952380952,0.666666666666667,1.04761904761905,2.125,1.125,0.25,0.5,1.71428571428571,1.55555555555556,3,0.444444444444444,1.28571428571429,0.428571428571429,1,1.28571428571429,1.14285714285714,0.636363636363636,0.857142857142857,1.36363636363636,1.28571428571429,1.28571428571429,0.142857142857143,1.28571428571429,0,1.28571428571429,0,0,0.789473684210526,1.10526315789474,1.73684210526316,0.789473684210526,1.33333333333333,1.30434782608696,0.666666666666667,0.695652173913043,1.83333333333333,0.5,0.166666666666667,1.5,1.38461538461538,0.923076923076923,1.23076923076923,0.461538461538462,0.727272727272727,1.27272727272727,1.09090909090909,0.909090909090909,0,1.81818181818182,0,0.181818181818182,1.33333333333333,1.33333333333333,0.222222222222222,1.11111111111111,3,0.769230769230769,1,1.23076923076923,0.631578947368421,0.727272727272727,0.947368421052632,1.27272727272727
Cricetid gammaherpesvirus 2,Duplodnaviria,RHVP,vertebrates,NC_015049,YP_004207851_19,atgaccagccaagacccatggaccactgaatctgacttttcagataccaactgggactacaagataaccaaatttttcatacaactgaaaaacaccatacccatactgattgaatatcatactgaaagtgcaccagcatgcccaagcatccaccagctttgtccaactcttccagacattgcccatgcaaatggaggattccacacaaaactgattgtatttggacatccaaacaacccagtagctttaactcccattttaaacccagatttggactgtccccttgtcctaaaggtttctggaaatacctgcacctatattccacctggaaacttaaagattataataacattcataaaatgtgtcaagatggattttctaaactatgtggttggacaagaattgaaaactctaccactgccagatgtctgcaaccaggaattctctggaatcaccacatgtgcaccaaatttggaaatatgtagcccatgcctggtgaactaccctcgtgaaaacatgacagtggccactgcactctgcccatttgaactaccaaagcaatgcgccatgagaacaactcctcatcatcttaccagccatatggcaggaatcactcacacagagggaacagtgcgcatctttttttatgaaggagtcccagctgagcccaattcagtcctagtgtcctttttacccatgtccttaatatcattttacaggaacccgtgtccaggcattctgtttccagatgtcacacttgacagtgtgcccctggtgtacatgggacaaaaaatcagactattgccactggaaactgtacaactatcatacaacaacaggtatgtcacgtgtgacactggcatcatggcaattgtgtatgaccatggattaaatgaggacatctgcatagcccctaccccatgggcaccccaaaagaagtgcaccatcacgctgtccaataaaacatctgcagtgaagctgatttcccctggctatcacttggcaaatgccatatttttcaagtggagcacagaaacatcaaagagggtcagcctgataaagatgctttccaggcccacccatggtaccgtccccctatttcaaggaatttgtattgacactgatatacctttaaaataa,0.842105263157895,1.3,1.15789473684211,0.7,1.18918918918919,1.40540540540541,0.216216216216216,1.18918918918919,1.5,1.63636363636364,3,0.545454545454545,1.21875,0.75,1,1.03125,1.6,0.666666666666667,0.4,1.33333333333333,2.22222222222222,1,0.111111111111111,0.666666666666667,0,0.75,0,0.75,1.26315789473684,0.157894736842105,1.73684210526316,0.947368421052632,1.57142857142857,1.25,0.428571428571429,0.75,2.35294117647059,1.17647058823529,0,0.470588235294118,3.05882352941176,0.705882352941177,0,0.235294117647059,0.521739130434783,1.56521739130435,1.56521739130435,0.347826086956522,3,0.833333333333333,0,1.16666666666667,1.36363636363636,1.36363636363636,0,1.09090909090909,0,1,1,1,1.10526315789474,0.588235294117647,0.789473684210526,1.41176470588235
Cricetid gammaherpesvirus 2,Duplodnaviria,RHVP,vertebrates,NC_015049,YP_004207852_20,atggctttgcaggaggctgtcttgcctgtcagacaaacaggcggtgatgcaaacctaaagaagagattttgctctgtgagtttgaaacttcctgcaggttggacagaggaagaaccagaagaatctttggctcaaaggtgctggatctgtctttcctcctgtgaagatggaggctattgtggatgcaaaggtgactatggtatagtacatggctcctgcctaaagcaatgggtggaaagaggcaaagtggtttcctgtgcattttgtggagaagagtatgctgccaagaggaggtggtatcctgtgaaggactggattctgactccttcagaaaaactgttagtaatatttgctatagtcatgacagtggcaactcttgcatgtgttggacttgttgtatggaactttagagaggtgttcacgtacactggaaatggcaaggacttcacttttaggctgctttattatgttctttccctggaagcccttgtgtgtcccgcggtcatggcctggatgtgtttggaatgtcaggacatgtttgaagatatggcaaagagaaataagtatgtagttatgcaattgccagatgcttctaccaccctgaagaccccacactcatcacctatgaactctggtacccagtcatcaactatgaagagtcaatgtatgactatggactctgggatccagtcatcaactatgaagagtcaatgtatgaagcagagagtctgcgtgtcatgtgggagggcaggttgcagtaggacagtttgtttatag,0.5,1.2,1.5,0.8,1,1,0.25,1.75,3,0,3,1.09090909090909,1.5,1,1,0.5,1.09090909090909,1,0.909090909090909,1,1.33333333333333,0.444444444444444,0,2.22222222222222,0,0,0,0,0.545454545454545,0,1.36363636363636,1.90909090909091,1.46666666666667,1.11111111111111,0.533333333333333,0.888888888888889,1.64705882352941,0.705882352941177,0.235294117647059,1.41176470588235,1.11111111111111,1.11111111111111,0.444444444444444,1.33333333333333,0.695652173913043,0.869565217391304,1.39130434782609,1.04347826086957,0,0.25,3,1.75,2.18181818181818,1.36363636363636,0,1.36363636363636,0,0.631578947368421,1,1.36842105263158,0.545454545454545,0.5,1.63636363636364,1.5
Cricetid gammaherpesvirus 2,Duplodnaviria,RHVP,vertebrates,NC_015049,YP_004207853_21,atggcggctgatggagacggagatcaagtgcccacagaggtgtttgttgctggctttatagatgtaaaacagtacccagcccctgacaaggatctaataatcaactatgactctctgaccgctgcccttccgcttaatcagccaatccccttaaacgtagaacacttagaacatgcagaggttggggcagttgtgggaattttcaaagtggtgcatggactattctgtgtgggaaaaatatactgcaagccctttcttgatttggttcacaggatgtttaccagttcttctgctgctaaaaaaccctcaacccttcctcgcctcccagccgtggagatgctccacgcgtggcttcccgagctgtccctgtcctccacccatccagagctgctgtcagctactccaccctcccaaatccttcaacacattgccttatgcgccatggggaaaaggaggggggttgtagcagtgtatgggctggacccaaaatgggtcatctcaaagttcaactctctctcaacagatgagagggagcaggtggccagtgggtccatgacagggcttgacttgataaaaaatgacccgccctgtcttgacttcaccataaacacagacaccctcctctcaaaggccatagatgctggcttcatccaaaacagacttgacattctgcaaacagacaaggctgtggtagcagtcagcccctcaacatatttaaaggccagtgccggtcccgatccaggggctgttgataagacagaggacacactccttgaggctaccatgaatccacatcaaccccagtcaacagaggactccggcctcataagcgtgcccaaatctgcgctggtctcactcctcaccaagcatgaccatgcccaggccccgaacgcccccaagatgcccgcccccgcctttcagggcacgggctttcaagttccagctcctgcgcatgctccctactacccctaccagcaccaacagttcgcctatcccgggcaaatgcagccccccgccatgggaatatactctccctggcagatgccatgtattccctggcccatgcccccccaggatccagagaggatgcccaaacgcaagagatcctttgatgaagacgcatttcccggagagaactcaaaaaagggcctgtatggagaattactgacgatggccaatagccttgctgctctcaaacaggaggttgatgccctcaggggcgcggcgtctgggatgcagcacatgctcaagcagccgtggcacaccattgcctcgccctttccctctcccgcgcccatggctcatccgcccattccagtccaacaaccactctacgcgggacactctcacccttccctcgtggcacacagccagctttcgtctacctccccccagacggcccagcccccagcggccgctgcgcagcctgtgcaggtgaccggacccgcccccgccgacccaatgacccatgccggcgcagcagccccgcgctccgccccagagacgtcccaacccaatcccgcgccccctgctggcggcgtccccgccactggaaaaatagatgccagcaacgcacccaactgcccaaatctgctacaaaagatgttttgcgatgaactgacaaaataa,1.03703703703704,1.2,0.962962962962963,0.8,1.42857142857143,1.71428571428571,0.571428571428571,0.285714285714286,1.09090909090909,0.75,3.27272727272727,0.45,1.35,0.75,1,0.9,0.8125,1.05263157894737,1.1875,0.947368421052632,0.985507246376812,2.31884057971015,0.347826086956522,0.347826086956522,0,1.63636363636364,0,0,0.375,1.75,1.5,1.5,0.526315789473684,1.03448275862069,1.47368421052632,0.96551724137931,0.553846153846154,1.72307692307692,0.676923076923077,1.04615384615385,1.41935483870968,1.29032258064516,1.16129032258065,0.129032258064516,0.516129032258065,0.645161290322581,1.80645161290323,1.03225806451613,3,1.16666666666667,0,0.833333333333333,1.35,1.65,0.3,1.5,0,1.14285714285714,1,0.857142857142857,0.625,0.75,0.25,1.25
Cricetid gammaherpesvirus 2,Duplodnaviria,RHVP,vertebrates,NC_015049,YP_004207854_22,atgctctttgggagatttgtggtggaagggtccaacttcacgcctggcctcaagagtatgttttggaagctagtttctggcagacaattaaataccctatccaactatgatttgaggtttttacatcttttgctgtgtaagatgtatgagttcacactgaattgctatatgctaaaggatgccatgggaaactgtggcactggagatagtgtcattcttggaagaaaagtgcccctggagtattggaagcttctgtatgatgtgtgctgtaagtgtgggatgaagcccacagaaatggccaacgagggggcagccgctcaactctgggcgcgcatgacccaggagcctctcttactgaaagagctcctgcgtcagtttttcctgcacataggactcacacagccagtctccataagaccttgtaatatgtttgatgtgaatctgctgtttaacctgggaggggccctcccatgcaggctcttgatggtgctgatgtattgcctaaaaaattgggggaagcaggagtgtgagccatgggtgaggcacttttgtctaaagatctttgtcctctatctcctcatcacaggaagtattgtgcccaaaagggaactattggatagttgtgttagggattcctatgcaggaatactggaaacaataacacaggacatcctggttacctacggggcttcctacatcccacgagcgccaaacagacaccacgccagtctggacctggtccatgctttcaacaacaatattttatttttttag,0.615384615384615,1.14285714285714,1.38461538461538,0.857142857142857,2.18181818181818,1.09090909090909,0.363636363636364,0.363636363636364,2.30769230769231,0,2.30769230769231,2.72727272727273,1.09090909090909,1.09090909090909,1,0.818181818181818,0.571428571428571,1.33333333333333,1.42857142857143,0.666666666666667,1.81818181818182,1.09090909090909,0,1.09090909090909,0.461538461538462,0.461538461538462,0,0.461538461538462,0.837209302325581,1.53488372093023,2.09302325581395,0.418604651162791,0.727272727272727,0.444444444444444,1.27272727272727,1.55555555555556,0.666666666666667,1.66666666666667,0.666666666666667,1,1.64705882352941,0.705882352941177,1.64705882352941,0,0,1.06666666666667,2.13333333333333,0.8,0,0.4,3,1.6,0,2.72727272727273,0,0.545454545454545,0,0.666666666666667,1,1.33333333333333,0.558139534883721,0.533333333333333,0.558139534883721,1.46666666666667
Cricetid gammaherpesvirus 2,Duplodnaviria,RHVP,vertebrates,NC_015049,YP_004207855_23,atgtggcgcgcgccaaacatgaccggtgcaacctactgggccccaagtcccagaaacatactgcacctcgacccaaacaccctaaaccaaggaagtgtgctggcagatcagctctgggacaaacaggtcttagaacaccaaacccgcgtaaaaaacaacctcctaagaatagagctagaccacgtagagcattcccagctgacactaaacagagatctagagcacgggctggcagcagtcagcgaatacctaaggggcataaatcccgaaaatcctaaaaatgttatcgtgcccggcccctgcccgagcccccaggaagagtccccaccgctgaggccgcacactgttctcatattccccggagatcccggctttcaggtcacagatactatccaggccaacatctggcctctgctgtatatgcagcaacaaaaatggcttccgtcttttggcccgtggtactctagactaaccacactggccatgcaaaaaagagccttcccgagagaactcagggggtctgcaaattttcaaaattccatgtccctgaagctcatgcagacggtgtccaacacaatttgcaacataacctctgacttttacagtgatgccagaaatctcccagattccatggccgccctctgcctactctcggcctatgcctgcaagaccctaaaaaccgcgccccccgccacagtctccgacctgctgggcgacattccccaaaaagtgcaagtcctggtctccgatttaaaaaaatgcaaaggccccttcagattttcaccaaacagcagagaatatgcaaactcccttgctcccccgagacaggagggaagatacaacgctggcttttttgataatcattccctgtacaacttactagtgagagaacaaatcctggtgcccccagagtctgcagcgcccccacagacagatattttattcaccataactgcctctatctttgatggtgaaataccacccttcatgtcccaccagtggaacctgagggcggggttaaccgccctgagccacataatcctactctacctgctattggagtccccgtctggaccatttttgtcaccccacccgagactaaatctccaaaccttactgggagatagctttaaacagccacacaccagcgcctccagatttgctctcctccaaggcagcaacaaagaccacctgttctcattcctaatcaccaactatatgaagccagtcctggtcagtgcgcccacaaccccaatgtccaagatttttccaggtatctatatcttgaccctggaggccgggcagcccgccagacccactgccccgttcgtgccgcttggtggcacatcttatgcccacatatttgaaatcatatcgcagagcatggtgattaaaaacatgctggagctagttcaccacaaatcccttctcaggatgacctgtgagacgggctcaggcgtcctgctggaagcagcctcgccacagacagtcatgagagacatcttgaacatacacttcatgggcgtggatgcatatgatgcagtttatttttcagtcctgggtgctctcccagtaacagtggcagtatcctaa,1.55555555555556,1.40740740740741,0.444444444444444,0.592592592592593,1.25,2,0.25,0.5,4.17391304347826,1.09090909090909,1.30434782608696,0.545454545454545,1.22222222222222,1.22222222222222,1,0.555555555555556,0.846153846153846,1.75,1.15384615384615,0.25,1.33333333333333,1.58333333333333,0.916666666666667,0.166666666666667,0,0.521739130434783,0,0,1.30434782608696,1.30434782608696,2.17391304347826,0.347826086956522,1,0.761904761904762,1,1.23809523809524,1.15789473684211,1.89473684210526,0.526315789473684,0.421052631578947,0.769230769230769,1.84615384615385,0.615384615384615,0.769230769230769,0.551724137931034,1.51724137931034,1.37931034482759,0.551724137931034,3,0.933333333333333,0,1.06666666666667,0.681818181818182,2.18181818181818,0.409090909090909,1.09090909090909,0,1.66666666666667,1,0.333333333333333,0.521739130434783,0.782608695652174,0.347826086956522,1.21739130434783
Cricetid gammaherpesvirus 2,Duplodnaviria,RHVP,vertebrates,NC_015049,YP_004207856_24,atggcagctctccacaaaaactgggcaaagcagacgctcgcgcagcttccaccaaagcgaaaggcagtgggaaaacgcgctcacctccgctgttatatacagcttttaagggaaccaacccttcacgcgctacttgatcagcttaaaatttcacacactgatggctgtcatcagttattcaaactctatttcgaggtgaggctgggtcacagggttgcagatgctattattttaacaggcaatgattcattgtgccattgctacattctggaattcaagacatgcgcctcgcccaagtttgatatcaattgccaaataagggcggcccagcacgcagagggctgctcccagttacgtgacatgctgtcccacctcagatggcatgtcccggcagggccagagtcctgctctatttcttgccacttggtatttaagagccagcgaggcctgaaaaccctctacagcaagtccctcttcggggccagcgcctccattcccgcgtctcgctccgccctccacgttctgctctctagtctggaggacagagccttcaaaaacaccctactgagacatgtggcgcgcgccaaacatgaccggtgcaacctactgggccccaagtcccagaaacatactgcacctcgacccaaacaccctaaaccaaggaagtgtgctggcagatcagctctgggacaaacaggtcttagaacaccaaacccgcgtaaaaaacaacctcctaagaatagagctagaccacgtagagcattcccagctgacactaaacagagatctagagcacgggctggcagcagtcagcgaatacctaaggggcataaatcccgaaaatcctaa,1.15384615384615,1.14285714285714,0.846153846153846,0.857142857142857,1.45454545454545,1.09090909090909,0.363636363636364,1.09090909090909,2.06896551724138,1,1.03448275862069,0.5,0.9,0.3,1,1.8,0.428571428571429,1.17647058823529,1.57142857142857,0.823529411764706,1.68421052631579,0.842105263157895,0.421052631578947,1.05263157894737,1.03448275862069,0.827586206896552,0.413793103448276,0.620689655172414,0.545454545454545,1.63636363636364,1.63636363636364,1.09090909090909,0.666666666666667,0.888888888888889,1.33333333333333,1.11111111111111,1.24137931034483,0.96551724137931,0.689655172413793,1.10344827586207,0.571428571428571,2,0.857142857142857,0.571428571428571,0.571428571428571,0.571428571428571,1.71428571428571,1.14285714285714,3,1,0,1,0.75,2.25,0.25,1.25,0,1.45454545454545,1,0.545454545454545,0.727272727272727,1.5,0.363636363636364,0.5
Cricetid gammaherpesvirus 2,Duplodnaviria,RHVP,vertebrates,NC_015049,YP_004207857_25,atggcaacgtataacaggagttcgagcgagtccgactccgaccctttggaatctggcgggtccgaccaagaggaggaaaatccttatgttttgcctgagaatgataaagtaaatactccacagctcataaatccggacgcagagggcgaggactctggacatgtctatgaaaatctccctttttggggaaccattaaagacggcagcccaaatctcaggcgcggaggcgatagagcgtccagaagggatggtaggtccagacagtcaagtagggcatcatctcgtgggcggagtcctgctgattgtttggcgtgggaacggcccctgccgccaagacccaatggttcggagtccgggcccggggccagacccaagacctccagggtgttggtgagatacccccctcggtgcccgggcagttcggcggatgcggagcggcggcatggggcggttttgcctataggagacgaggagaggcggtgccgcgacgtcaggtccccaatagcgggcggccgcgacgatgacgtctgttcaacagattctgattccgagccgacgccgccggtggcaccggcaccgcccccgcgcgagaaagtttcgcgtctgggaaagctcagggggagtctcagtcgcatggtggctggaaaggggtcagaaaaaactgttgagaaggaccctaaagatcagaagactgtgaactttataactagcatgaatggcccaatgaggtttttggcgcaagtcctcaggccatgcccagacgcgaccttcagacacacatatactgtgttctttgaggggggcatagcgtctggaaagaccactgccatgctgtctgctaaggaggagggattttctgaaaatattctggtggtgccagaagcccaggtgttttggaatgaggtgttagagaatacatgctcaggcttgtattctgtcataaaaaagggagagcggggcagggctacatcagcctcgcttctggctcatcaaatggccttttctatacctttcagaaccaccagggagatgcttgacaactgtagccgtgagccaatatatgttcaaaatcattgcaataattatgtgcttcttgatagacaccttctgtcccccacagttatttttccttttaatttttttcttctgagactcatgtgtctccaggatctcgtaacttgcatgtccacattttctgccactgagatggacaccgttgtgctgatgacagtcgatgctgcactagccagggctcgaattaagaggcgggggagaaaggcggaagagggcatcaaaacaaaatacttggaaagtttaaatgtctccataaattgtgttcacaacgcctggagcctcttaaattttctgtctcccggcacagtagtggaggccctcttttttggacagcaacctaggttgctatttaggaggcttggatattcagatgccaggtccaggtaccttgaggggttatttgcaaatagcctcttcggtcacatccgggagactatcgggtgccaggggccagatactgtcttggcttctgttctgcacgggttttgtgtccacttgcagaagatagtgatcttaaaggtggatgctgacatttacagcggggatgtagaaggattatggaaagatgtatatgaaaaaatacagaagagcccggctattaaaacatgttatttgcactggcagccatttgcaaagtacgcgtctagcctaaaaaggtaa,0.923076923076923,0.347826086956522,1.07692307692308,1.65217391304348,1.37931034482759,0.96551724137931,0.275862068965517,1.37931034482759,1.32,1,2.52,0.777777777777778,1.57142857142857,0.571428571428571,1,0.857142857142857,0.666666666666667,1.27272727272727,1.33333333333333,0.727272727272727,1.1,0.8,1,1.1,0.12,0.6,1.08,0.36,0.352941176470588,1.41176470588235,1.17647058823529,0.941176470588235,0.594594594594595,0.9375,1.40540540540541,1.0625,0.82051282051282,1.02564102564103,1.12820512820513,1.02564102564103,1.14285714285714,1.23809523809524,1.33333333333333,0.285714285714286,0.526315789473684,0.947368421052632,1.57894736842105,0.947368421052632,3,0.666666666666667,0,1.33333333333333,0.777777777777778,1.44444444444444,0.555555555555556,1.44444444444444,0,1,1,1,0.705882352941177,0.347826086956522,1.41176470588235,1.65217391304348
Cricetid gammaherpesvirus 2,Duplodnaviria,RHVP,vertebrates,NC_015049,YP_004207858_26,atggctccgcggtgtgtgttttttgttgtactgtttgtgggcgcgtgttttattggaattttgggaaataaaaaagctgcaaagaagggcatgaaaccagaactgaatactacccgcctggactctgttaaagtctcctttgagggcgtggctgagactttcactgtaaactggaccaagttggtcaaggatgttggggaacagaatctggacaagatgtggaaagatgctgatgtgtttggaactttgaccagtaccctggaggccagcaaggatcttatatctaccaataatacccaggttttaaatgaagatccaaagttcatatgtcctacaggccagacatttccagggatctctttgacagacccctccaaaaaaatacatggatttttaggcaaggctggaatgtccaaggaagagctgatatccaacctgtggcacaatgcatctggatctgtgaaactccatgaaaaggggactgtgtttatggggaatgtcaagtataagctgtttgggaagttcacctggaaggtgttaagcaatatcacatttgagggctttgttactgagaaaatggctgttgttactgttaatgggaaaagtaaacaaaaacagtgtaaaatggttgttttatttgggtatgctgatgctatgccatctttgaaaggctttttaaggccccacaaactagagttttctagaacctctacatatagcatgcattatattgcttcacataaaagcacttctggctgcccatctcttgttctatcagagccacacattcaacacatgttcagtgtattgaccagtaatcttccagagactgtactggaggatgtctcggatgatatagcatatctgaatgcagtttcttgcaattttaaggccattcaaggacctaggctcctgagcacgtttgtaaaaacggtgactgcgcattttttatttctgtctggactacagctgtctcagaaatcaattgaagttggatgtgttatagaaattatggcagagctgcaatccatcagggagcatctgaccacatgtggcatgaagtccaatgctgacccatttgtaccaactagtataaaaagggtggcagctggacagattgataatctgccatctgacccacaaacctatgctccttatgaccaaacccacaggaccctctctgtcattaagtttggaatgtcccaacacattgggtcgaaagaagcagtcacatatatggagtttttaatggaaaacatatacaggaggtattctcatacatacatgttgggcctggaggacaggagggttcttagggatgttgcagaagctcttacctttgtggtgcgtccctggaatgttgcctcttctaaattgttaaaactatttgcaattgccacatccatgtgtagcaactttgaaattgctactatggtggcaagacatgatcctctggacaccctgagtgcaattgctaccttttctccatgctatctgagtttgaggtttgatttcagtcccaacaaagtcaatttagagactatgcagacttctgacatggatactagacaagttatgggcggagtgtctgggtttttggcagatatccattccagacacttgaaggtcttgcagaccctgccttttattcagtgtttaaagcccataatcgatgagatagatgtcatcctgcccttgggaaacataacttatgtgataagcagggagccagtcgaaggcaccactgtttatgacatttcagaaacatttttagaaagcaggatggaaatatcagttatcactggaaattgtgaaattccttctcatatagaagaggagcacaaaactgtcaacattgtgtataatgtgtcaaacaccaggtgtaaattctgtaattcaattattgttagctatgatgaatcccaggggtttttgtctgctatgtacattttagataacaccatccaaaacagcttgtttttaccagagtccccattttttgatgcatacaattcacatgtgcactatctgtggcttatgtcaaatggaactgtggctgagatcagaggaacatacaggaggcgggctgagagctttatgattttatttgctgttatagcaatactggtgattgttagtgccatgctcataaaattcatacagtatatgctaaatggttaa,1.15555555555556,0.606060606060606,0.844444444444444,1.39393939393939,0.830188679245283,1.50943396226415,0.150943396226415,1.50943396226415,1.2,1.01538461538462,3.84,0.830769230769231,1.10204081632653,0.551020408163265,1,1.3469387755102,0.857142857142857,0.9,1.14285714285714,1.1,2.14285714285714,0.857142857142857,0.142857142857143,0.857142857142857,0,0.24,0.48,0.24,0.441176470588235,0.352941176470588,2.11764705882353,0.529411764705882,0.9,0.666666666666667,1.1,1.33333333333333,1.4,0.5,0.2,1.9,1.64102564102564,1.23076923076923,1.02564102564103,0.102564102564103,0.406779661016949,0.745762711864407,1.28813559322034,1.55932203389831,3,0.476190476190476,0,1.52380952380952,0.830769230769231,1.01538461538462,0.184615384615385,2.12307692307692,0,0.428571428571429,1,1.57142857142857,1.23529411764706,0.325581395348837,1.32352941176471,1.67441860465116
Cricetid gammaherpesvirus 2,Duplodnaviria,RHVP,vertebrates,NC_015049,YP_004207859_27,atgctcaaagtgcccaaaaaagactgctcactcttgccaggcgccatagttttaaaaaatggcaccaagctattttatgctgcaaagagtggccgcctggccgcccttcttggccagtctggtgataaagtgacctcggagcaactgttttccaaattttctaccaaggagcctctaaagctgtgtttattggatccattggacccaggcatctccattctaaggctaatagtatccaaaacaccctatatattgaacagttttttgatttttggagaggagggtccaaactcatacagttttaggagggatccagtcattgtgaccaacatggttaatgaagatgaccctgccaagaaatttgaacttatgtacatcacagacagaatgactgagcccaaaccctttccaaagagaattgttcctgccttattccccagcgttcatgccacggtcacctttccaagatgccacgtacagtctcccaggccatctgcctactattcctcgatcttgaagaagactatgatcaaagacgcaccccctggatgtgatctcaccagcttaaaaattgccctgatgttcaagatcttagaaactgccaggctcagctccaaccacccagatcacagggcaatcctgataatggaccattctcacaataacttagatctttttccaaacacggccatgacctcagtacaaaaactgtttctgaaacaggtagtattggcgcgctgtggcctggaaagcatgtgtgagattttttataaaaattttatagacagctatcaggcggttgatgatgactacacccaggaggtagaaaagtacctcttacatgttaaaatctcagtagagaactgtatattttgtttcaacaccatagcgctgatccccaagcctgaaacccccttcaccaccggatcctgtcccgcctttttgaagatggccaagaggtacttttccctatttccccccaaggacaaagatactgctgttatatttggcgccacagtgctagaacaggtgtgcaagggaacaacttttgaggttttagtgaagatcctctcaaaatatgcagacataaatcacaggcccaaagcttccagcataaaattgtacactttattaaccatttag,1.08571428571429,1.23076923076923,0.914285714285714,0.769230769230769,0.64,2.08,0.32,0.96,1.38461538461538,1.24137931034483,3.69230769230769,0.620689655172414,1.15384615384615,1.03846153846154,1,0.807692307692308,0.5,1.25,1.5,0.75,1.42857142857143,1.85714285714286,0,0.714285714285714,0,0.923076923076923,0,0,0.818181818181818,0.818181818181818,1.22727272727273,0.545454545454545,0.875,1,1.125,1,0.695652173913043,2.26086956521739,0.521739130434783,0.521739130434783,1.23076923076923,2.15384615384615,0,0.615384615384615,1.21739130434783,0.347826086956522,1.04347826086957,1.39130434782609,0,1.07692307692308,3,0.923076923076923,1.03448275862069,1.6551724137931,0.413793103448276,1.03448275862069,0,0.6,NA,1.4,1.36363636363636,0.347826086956522,1.22727272727273,1.65217391304348
Cricetid gammaherpesvirus 2,Duplodnaviria,RHVP,vertebrates,NC_015049,YP_004207860_28,atggagacgctactaccagtcttctgtgatttgccagaccaagagagccctgtaaaagctgtaccagagaaacaactctcccttttatattggttgtgttccaattccttcacacacgtgtcagatatagcccaattttttacacttggtcaagaaatcactttttgtctatgcagggcaataagaagattgctacttggggagaaactttatccacttatatatcacaataaccaacaaaaatcaatccaagggccaacttttacaggtcctggcttatccatctcctccaacggatctcaattttgtacaatcaccaccaactggttcctgcctgttgtatacagctttgaaataacagattcacaatgtgaggacctacaacacagaaaattgagagctatccacagcccgctgttatttgatacaggacttgactacaactacatgttttatacaatcatcaaatttctatccatgaaggatatagatgattgctattcttctttcctggcaaccctggagccctggatccatgaaagatgcaaaaaaaattacatgaagctaatagcaggcatcatggggtctccattaacaaaattaccttctatatccttaaaatgctattgtgagaatttaaagttcagcatatcatcttacataaaaacctggatgtcgcgtccacagttgagccaactacttaaaaccataaataaaaacatggaagatcatgcccacgtagccactgttgtgaaactgtgcagatttagagatttggatgttcagacagatttgatccttaatgaccaccagctattaacaagagtcataccaggattgaatgttgatctggtcaagaaacagcctggagcaaactgtctaaggctgaccattcactgcaaggatggatgcaaaatgtggctcagatacccccccaatcttaacattgtaagaacagtcatgtgcatggcctatgtagatcacatctcatacagcaactcactggacagtgccatctatgaagtgacccataacaagcctggaatgtgtgatgtttttgtgagcatgttcaaaagaatagattatgctcccaaggactccttgagaagtgacatgtttgatattctgaataaatgctaccctagacatgttggccatacctccaatgcagagattttcaaaccacaacatcacctaagcttagaggggtttaaaattactgtctttaacaccaacatggtcataaatacaaaaattgccacccgaaatgtcacccccagatacaaaatgattactgacgttcccaggctaaccaacaattttgtggtgaagaaatattctttcaaggaaccatcattcacaattagtgtatttttttctgaagacatgcgcaagagtgcagcaataaacataaatataagtggcccccttttgcactttttatttgccatgacatctcttaagtgttttttgcccatcctgacaataaatctcgcaactgtctctaactggaactctaccttcgaccttcaagggttggaaaatcagtccatagtacgggctgggaggcaagatgtgttctggaccaccaatttcccgtctgtggtgtctacaaaaaggggatataacatttcttggttcaaggccgccaccgccacagtgtctaagattcacggacctgctttggtaaaacaagtgacaagtgaggcgttccagatcctgaagcatccccaggcagacataaattatctaaaaaacacagtgtttacaacattggagaacagaaacaaatatcagatccagactttacataaaaggtttttggagtgcctttttgagtcatgcaaattatataaaaccagcccctccatcttaaagagactggtggctagaggcatatttgacttctctagaagaataataagccacacaaaaaataagcatgagtgtgcgctggcaggatacagaaggtgtaacatggttcccaagatattaacagggagcaaaaagtgccgcctggatgagcttggaaggaactccaatttttggacttttatgaaaacagacacagactcccagaaaccatccacgtga,1.30769230769231,1.02439024390244,0.692307692307692,0.975609756097561,1.92307692307692,1.30769230769231,0.153846153846154,0.615384615384615,3.63636363636364,1.15789473684211,1.45454545454545,0.631578947368421,1.40816326530612,0.979591836734694,1,0.612244897959184,1.2,1.14285714285714,0.8,0.857142857142857,1.375,1.375,0.25,1,0.181818181818182,0.363636363636364,0.181818181818182,0.181818181818182,1.06849315068493,0.246575342465753,1.15068493150685,1.15068493150685,0.695652173913043,0.848484848484849,1.30434782608696,1.15151515151515,1.42857142857143,1.42857142857143,0.285714285714286,0.857142857142857,1.66666666666667,0.833333333333333,1.16666666666667,0.333333333333333,0.947368421052632,0.842105263157895,1.36842105263158,0.842105263157895,0,0.833333333333333,0,1.16666666666667,0.842105263157895,1.57894736842105,0.105263157894737,1.68421052631579,3,1.04347826086957,1,0.956521739130435,1.15068493150685,0.731707317073171,1.23287671232877,1.26829268292683
Cricetid gammaherpesvirus 2,Duplodnaviria,RHVP,vertebrates,NC_015049,YP_004207861_29,atggcaggaccttcagttgacctcaggcatctcccttatgtggtaacagatgccaacctgactcacaatataaagcaatcagcagcagaggggctgtttaaaagttttcagctgcttgtgggaaaagatgccagggagaatgcagtaaagtttgaggctctcttgggggtatacaccaatgcagttcaatttgtgaaattcatagaaactggactggccatatcatgtgtcaacacagagtttaaagatttaaggaagatggttgaaggaaaaatacagttcaaggtgtcaatacccaccatagcccacggggatgggagaagaccaaataaacaaaggcagtacattgttatgagggcatgtcaaaaatatcacataactgctgagattgaactctccacagaagacattcagctcctctttgctgaacatgaaactcccttagactttacagaacacgtgggggccatcaagaccataacccatgccctgcagtttggggttgatgcgctggagaggggacttataaatacagtgctgcacgcgaagctcagaaatgcccctcccgcctttatacttagagcaataaataatccaaatattgcccagcgaccatctaccaaggcatcaagggctgacataatatccttgtttaaaaaggagctcttggaaaattcattctttttggacactgcggccacaatgcccagaccaaaggattatgttttaagcatcctttcaaatgtcattggagcagtggcaaatgagtcagttttcagaagcatcagccaacataccacagaagggggtgaaaccatttttggggtcctagaaaccacagattctgtcatgaggcggcttatagccttgattggtcaagcctatgacaaggtcagagcccctgcctcgtatgctaactacgttgtcaggggaggcaatgtggtgaccgcagtcagctatggccaggtcatgaaaaattttgatagttttctggccaggctgatagatgggtctggtaattccatggaagcagatttcagcgattataataacatgaactccagggaagagatgctggaaagaagcctggtcccagtaccaacaatcagagtgggggaacgagtagtggcagtggaaagcctccagaggatgtatagagaggcccaggatccataccctcttgcaagatctatccagtacacctactatttcccagttggcctgtttctcccttcccccagatattcaacgtcgcaggccctgcgaggcctggagattgcttcgcctcctacagatgcttggatcatgaataaaaataacctgctgctgtgctttggctaccaaacagccttgagatccatctgccatcccagaatgcacacccctgttcccaccatacaggtgttggatgctcagccagcaaatcctgccatgcggcctcgccacaactatggggttcgatcaatagcccccaacacgatgaacctgtatagaattatttatatgtactataactataggcaaccagaggtttcagacattgccagaaaaagccagatgcctccagaagagctgtttggtcatggggcagtagatcagctgatgttggaactgcatcccctctttgactttttcagggagttaaacttggatgggaatgttgcccaccgtgcctcacacagggtacatgttgggaatatacccaaggcattggcaccagctgacttccaagaggggaggggacaccaatttgaaactgcaactggcatgtcacatgtcatagatgcatcaaccatggaggtgattcaggagactgcgtttgacccatcttatccgcccatgtgctaccttatggaggcatgtattcatggacaagaggaaaaatttatcctcaacatggaatttattgcactgattatagaaacctattggaccacatctgggcacctggcatttgttaataatttctatatgataaaatacatatgcaaacacatgggagctggcatgattaggaaggaaatatacacagcctacaggaaaatcatgggagaactaatgacaatggctaatgctctactagtcattggcggccatgaaagagttgcacagatgccagttgcagagatgatttccagcttactcgattctgctcttccgcccccagttgcatacaataatatttttaatgaactgcttggcaacgagcacaggaatgttagagccagggtgggggaaagaattcttccacgtgcccagctaatgaatttgattagaattatagaatctatggaagatgctgcagatgaatttaatgacctctacaatgccaggagactgcataatccagataatggcattgccctgcagctgggacctgacacacaggcagatgtcctcatggagaaacttttctattatgtattccttccagtatgcactaatgggcacatgtgtggcatgggagtcatctatgaaaatctggaaaatactgtggccttcaatgaggctgtttttatgggaggagctaatggcaatgatcaggccatgagatatttgaggcccggggctctgagagatatcttggttgccagtgagattaggcctactattgcaatgcttaggatgttgactacatgcctgctaacatttcccttttcatctcaactggtgaggatagcagcagacaaagactatgggcaaaacattgcagcagatgtcccaggaaccaggatacagcaatctgtgctggtcaatggctttgttggattctttttctctgaaaaaagcaaacagcttcttcaaaatatcttctaccctgtcccatttcacaagttttattctgacccttctgtggcggccaccatgatgcctgcaattgcagaatatttggcaaacaaccctggacagaaaaatggggtggtttttaacgtacctccccagctgatggcagaatatgaagagtggcacagatcacccatgctggcctatgtactgcaatgtgaccctgcccctgctgccctcagtgctttgttggccatgcaccttaaattgtctcccgtggggtttatatctatggcaagatccaagatacatcctggagtggccatgacagttgtgaggaccgatgaggtcttatctgaaaatgtcttgtacagttcaaaggcatcaacttctgtattcatcggaagaccagttgtgaacaggcgggaggccagaacagatgcagtcacattcgatattaacaacgagctggcctcattggatacatccatgggctacaactctaccataattcccgccacagctacagctgtgactacagatatgggaatccattgccaggacctgtttggaatgtacccgacagatgccttcagacagagagagttccataattatgtcaaacagaaagctggagccgatggaacagcgcccgccccagtcagggatcccttaattttcatggcaggtgatgggcacaggagtgatatgcctggcctgtaccatggacaagttgccacttgcgaggtgatccttaccccagtaactgcagatgttgcttactttcagagcccaaacagtcccaggggacgggctggatgtgtagtgtcatgtgacacttacagtcctgacaatgctgtgaagctgttatatgatcacagccttccagaccccgcatatgaatttagagccaccaataatccctgggcgtcgcaggctgggtcccttggagacacattgtacaacaatgtcaacagacaactcgttacccctggcatgtatagcccatgcaggcaatattttaacagggaccagcttctgaaaaacaacaaatgcctacataccttagttggcgagtattcatctcgcatcgggggctcacctgctactagtaacacagatattcagtatgtgttggtaaatggcacagacgtgtttctggatcagccctgtctcttactgcaagaagcatacccaactctatcagccagccataaagggctgatagatgagctcatgtctcacaaaaaaactcatgctcctgtacaccatgggcagtatctgttggaggaagttgcgcccctaaaaagagtattaaagattggaaacaaggtggtataa,1.23404255319149,0.743589743589744,0.765957446808511,1.25641025641026,1.56756756756757,1.24324324324324,0.108108108108108,1.08108108108108,2.49350649350649,1.05,2.57142857142857,0.675,1.15384615384615,0.615384615384615,1,1.23076923076923,0.740740740740741,1.02439024390244,1.25925925925926,0.975609756097561,1.31707317073171,1.21951219512195,0.146341463414634,1.31707317073171,0.311688311688312,0.155844155844156,0.311688311688312,0.155844155844156,0.428571428571429,0.904761904761905,2.0952380952381,0.952380952380952,1.0958904109589,0.73015873015873,0.904109589041096,1.26984126984127,1.3968253968254,1.46031746031746,0.253968253968254,0.888888888888889,1.4320987654321,0.987654320987654,1.33333333333333,0.246913580246914,0.712871287128713,0.871287128712871,1.22772277227723,1.18811881188119,3,0.793103448275862,0,1.20689655172414,1.725,0.75,0.3,1.5,0,1.11111111111111,1,0.888888888888889,0.523809523809524,0.666666666666667,1.0952380952381,1.33333333333333
Cricetid gammaherpesvirus 2,Duplodnaviria,RHVP,vertebrates,NC_015049,YP_004207862_30,atgtctgtgttgagaaaggaaactcagctgctgtacaggatggccctagacaagacaattattgtgcccctgacttcaagattgtatgctgatgagatatctgccctccaatcaaaaataggagccctggttccagttcaccactatcacagattacaaaatgttcaagcattgggattacatccagtaatttatccagaagctgacattgactggatagcagccttcagatttttgagtaggtgcactttggcaattctggaaagtgtggcacctgatgccataacattaacaagacttgactataatgaaaattaccagctgaaaaatgtgaacgtgccagagacagagtggcccctgcaaggagagttggcagtgattcccccaatatttggagtcccagaagccacaatatccctagcatcaaatgacatgctcctggttttgccctctgttgtcccagctgggcttgctcagatggccatccaaaaaattctactgtacaacatatactctaggattgtggcagaagacaacatggctgcagatatggagttggttaggcatgccacaggatctgttgcttacatggggagaaattacattttacagctccaaagaaatgccccagctggggccctggcagtactcgatgatgtgtcaatctgcacttctgtgttatgtgctgtgatacctggggcgtgcgcaaacttggccgcggcaactatcagacagggaaggcatgaattggtcgaagtgtttgaggggcttctcccagatggacttgaggagattcaaagggacaatttgaatgttgcagaagatatctctaagatggggctatttatgtcatatgtttgcaatctgagttctatatttaatctggggcaaaggcttcgggtgtcaggatacgaggctagcacaaagacctgtacctgttggcttgggtaa,0.857142857142857,0.533333333333333,1.14285714285714,1.46666666666667,2,0.571428571428571,0,1.42857142857143,3,0.315789473684211,2.625,0.947368421052632,1.17391304347826,0.521739130434783,1,1.30434782608696,1.23076923076923,1,0.769230769230769,1,2.4,1.06666666666667,0,0.533333333333333,0,0,0.375,0,0.558139534883721,0.697674418604651,1.67441860465116,0.837209302325581,1,1,1,1,1.41176470588235,1.29411764705882,0.235294117647059,1.05882352941176,2,0,2,0,0.307692307692308,0.461538461538462,1.84615384615385,1.38461538461538,3,1.16666666666667,0,0.833333333333333,1.89473684210526,0.315789473684211,0,2.52631578947368,0,1.14285714285714,1,0.857142857142857,0.697674418604651,0.333333333333333,1.53488372093023,1.66666666666667
Cricetid gammaherpesvirus 2,Duplodnaviria,RHVP,vertebrates,NC_015049,YP_004207863_31,atgggatctgtggaattgcagagtgtttccaacatggggtcagagggggtcatggttgtggaatctagactcccaaaggacccatcatgtatactggattgtttacattcttgtaaaaacaaagctataggcgtgtcacccttccttataaatctgtgtttgtttatcatatactgtacattaatttgtccatatgaaataaagtatatttatggatcttgggacttcacagctaatattttttctgacagcataactcaaaatgtgtccagggataaaaactcttgctggatgggccctaggtgtgatgtatttgtccccccaccagtcttgataattcttaatgaaacatattttccaaatgggacaaatgggctgggggagccaatagattaccataatttattaattgacacactcatggtcattttacaaacaacatgcgaccttagagtgtcaataattacaggtcccagtgaaacagaactatatgccaaccataccaggtttaaaacttacatttttaaaatcattggatccactctcttagctgaaaagaattgttatttgggactaactgcagccatgatgcacaggtggcgcatagtggcgcctgtgctgtatgagccaaagatgccaacacattgtccgcctcctcgaccacgtaagggacaatcaaaggaatatagtctcaatgctacacaaaaatgtgtgccacgttatgattgcctgctttgtgaatggccagttaaaataaaaattgagccgcgccctggcagtggaatataa,1.14285714285714,0.615384615384615,0.857142857142857,1.38461538461538,2.75,0.25,0,1,1.09090909090909,0.315789473684211,2.18181818181818,1.26315789473684,1.5,0.25,1,1.25,1.6,0.4,0.4,1.6,2.18181818181818,0.545454545454545,0.363636363636364,0.909090909090909,0.545454545454545,1.09090909090909,0,1.09090909090909,0.48,0.96,1.2,0.96,1.38461538461538,1,0.615384615384615,1,0.5,1,0.5,2,1.6,0.8,1.33333333333333,0.266666666666667,0.25,1,2,0.75,3,0.5,0,1.5,1.57894736842105,0.947368421052632,0,1.89473684210526,0,0.428571428571429,1,1.57142857142857,1.44,0.5,0.96,1.5
Cricetid gammaherpesvirus 2,Duplodnaviria,RHVP,vertebrates,NC_015049,YP_004207864_32,atggactcaacaactgtgatggtaacagacgccagccaggaaacaatgacaagagttttctcaacaccttctttaattgttgtcattttgtgtttgttgctagtcttgctgggatatggagtgtattcctgtataatgtgcttcctgagaaacagaaattcctttctgcctctcccggccagcgttgcctactctgcactggtccccaaggagatatctattcaggcgagaaggtga,0,1,2,1,3.33333333333333,0,0,0.666666666666667,4.8,1.33333333333333,1.2,0,1.2,0,1,1.8,0,NA,2,NA,0,1,1,2,0,0,0,0,0.545454545454545,0.545454545454545,2.18181818181818,0,1,2,1,0,0.8,2.4,0.8,0,4,0,0,0,0.444444444444444,1.33333333333333,0.888888888888889,1.33333333333333,0,0.666666666666667,0,1.33333333333333,1.33333333333333,1.33333333333333,0,2,3,0.666666666666667,NA,1.33333333333333,0.545454545454545,1.33333333333333,2.18181818181818,0.666666666666667
Cricetid gammaherpesvirus 2,Duplodnaviria,RHVP,vertebrates,NC_015049,YP_004207865_33,atgctacagaaggatgcaaaacttatatttatatccagtgtgaactctggtgaaaaaacaacaagctttttgtatgatttaaaagatgcccaagaaaaagttttaaatgtggtaaattatgtatgtgatgagcacatggaagatttcagcaaacaggacagtattacagcctgcccatgctttaaactttacatacctagttacatcaccataaatgaaaacataaaacaaacttcaaatttattgttagaagatgcattcacaactgaactaatggggagtgttcccgtggcatgcaagtcatccccagtaattaatgagttggcagtcgctcgctttgatttatacagaatggaaacagcatcctcctccccaacaacaaagggcgtgctgtatgtatacatagatccagcgtacagcaataatacccatgcttctggaactggaatagttgcattggcagaatgtcagggacagcagaaatatgtaattttggggatggaacatttttttctaagaagcctgacaggcgcagcatcctttcacattggaagttgtgcactgtccctaataagatgtgttttagtgcagcacccgtggataagtgaaataagatgcagtgtggagggaaatagcaaccaggacagtggtgtggcaatttctacatacatttctgataactgtcctatccctattttgttttcacactacaaagataaaaagggtatgcgctggccggtgtacatgttaggaagtgagaaaagtttagcttttgaattttttatttgttcattgaacagtggaacattgggggtaagtcaaactgtggtttccaacacaatccagttgtcctatgacccggtttcatacctgatagagcagataaagaacattaagagtgttgtccagtcatctggcagcatcgcctattcctcaaaaacttcagccatgtcagatgatgttcttattgcctgtgtcatggctctgtattctaccaggggggataggggactattcttggacatctcccacgtcactgggtccgggtag,1.33333333333333,0.933333333333333,0.666666666666667,1.06666666666667,2.2,0.6,0,1.2,3,0.782608695652174,1.5,1.69565217391304,1.33333333333333,0.555555555555556,1,1.11111111111111,0.461538461538462,1.42857142857143,1.53846153846154,0.571428571428571,1.45454545454545,0.363636363636364,1.09090909090909,1.09090909090909,0,1.5,0,0,0.967741935483871,0,0.967741935483871,0.580645161290323,1.375,0.470588235294118,0.625,1.52941176470588,2.0952380952381,0.952380952380952,0.19047619047619,0.761904761904762,1.6,0.6,1.2,0.6,0.888888888888889,0.592592592592593,1.33333333333333,1.18518518518519,0,1.125,3,0.875,1.17391304347826,1.56521739130435,0,0.782608695652174,0,0.727272727272727,1,1.27272727272727,1.54838709677419,0.428571428571429,1.93548387096774,1.57142857142857
Cricetid gammaherpesvirus 2,Duplodnaviria,RHVP,vertebrates,NC_015049,YP_004207866_34,atgtctggccccgaatgctctgaaaagaaaaaagaaaccatttcagataatgacatggaagagtgtatgaaatttttcactatgccccttccacaaatgctgcatgctataaaccagagcattgctgattttgaaatagtttgctctgccagccagcaactggagcgagcctgtttgttgtttgactttgtgggggcagaatgtgtgaaggacgtgggaatggaaacccatgcagaatga,1.2,1,0.8,1,0,2.66666666666667,0,1.33333333333333,0,2,0,0,1.5,0,1,1.5,1,0,1,2,1.33333333333333,2.66666666666667,0,0,6,0,0,0,0,0,2.4,1.2,1.6,1.2,0.4,0.8,1.33333333333333,1.33333333333333,0,1.33333333333333,1.33333333333333,1.33333333333333,1.33333333333333,0,0,0,3,1,0,NA,0,NA,1,0,0,3,3,0.8,NA,1.2,0,0.4,2.4,1.6
Cricetid gammaherpesvirus 2,Duplodnaviria,RHVP,vertebrates,NC_015049,YP_004207867_35,atgtgtgaaggacgtgggaatggaaacccatgcagaatgaaccaggttcaaaccccactatgtactttttataatttacagacaatattcaggtgcatggattgctccaactaccatatatgcaacgggggcaaagattgtgatcctttgattagcagtgaaggggtggtgtgcgcaaagactggaaaatttattaggctggacatgaagttttcaaccatctacaacaaggaggtggcagaccatcatggtcaggaccaacaggctgaaaatgaagcaaccctaaactctctatatgaagacattgtgaacattcttcttcaggtggatgatatagaggaggtaaaaactgctgtcatttgtgacaaagagctagcaaaatcagtaaaacagcaaattgcctcaacattctctgagtgtgttcaggtgattagggaaaatgagcagggatacagtatagtatgtagcatgtatgtgcatgtcataatttccatgtatgccacaaaaacaatatatggaaatttattatttaaatgcaccagaaacaaaaaacatgatgctattgcaaaaaagatcagagaaaaatggatgcttatgcaataa,1.5,1.23076923076923,0.5,0.769230769230769,1.45454545454545,1.45454545454545,0,1.09090909090909,2.57142857142857,1.09090909090909,2.57142857142857,1.09090909090909,1.05882352941176,0.352941176470588,1,1.58823529411765,0.666666666666667,0,1.33333333333333,2,2.66666666666667,0,0,1.33333333333333,0,0,0,0.857142857142857,2,0,0.5,1.5,1.07692307692308,0.909090909090909,0.923076923076923,1.09090909090909,2,0.8,0,1.2,2,0.4,1.2,0.4,0.857142857142857,0.571428571428571,2,0.571428571428571,3,0.75,0,1.25,1.63636363636364,1.09090909090909,0,1.09090909090909,0,1,1,1,1.5,0.666666666666667,0.5,1.33333333333333
Cricetid gammaherpesvirus 2,Duplodnaviria,RHVP,vertebrates,NC_015049,YP_004207868_36,atggatgcttatgcaataaatgcaagattctttcctataaatgggaatcaaatcctaattcacctcttattacctgacatgtttttaagttactatgatattgacagtaatggagattatatgttttcagtagctatctactcagccatcgaccaaacactaacaaagtatgtaccaacagctgcttcattttttacaaacaatggagagaaggagctcccttattgtgcctggggactatgtaccagtgttccagttatggtggatacatcccccagatatttggatgtggtgcactttaaggtgtatgataaaaagaagcataacctcaaaataataaagctctctgtattcaatgcaatatttcctctaatttgccaccccaggccaacagaaagctccaagcatgttggagacagatttggggagctatgtgcaagcctaactcaaacccaggccccaagcaacgcgtcccctgcagattttataatgagtctaatagaaaagaccagggatactcaacacaaacatcacactgctctggaggaaccaggactggtaagagtaaaaccagaaaattccaaccagcttatgccaagccatgaagcaaagatcactattaagaaagcaacaagtttaaaaagaggaacatttataagaagggaacatgttatgtcagctaactgctatcatgtgtttgttccagacacatctaacaaaaaatatgagcctctcctctccatgtttcaagagtccctgagcagccccaatatcccccaagttgatgtgtccctttcatttgtgggagaagcactcttctttaaaaaaataacagacaggtttttaacttctctgcaggatgagattcaaaggaatcctcaaagtatctgccaagagttccctattcacatttctatgggcgccactctagactgtgtaaaatacatagcatacagaacactcatgctactgggctgctttacagaacagtgtcccgcgtggtttttagcacacaggctgaaaaaaacaactccgcgcggagcctgggcggatgtgctggatatgtccttttgtgggttaaacaggggagagtgtggagttttcttaggggagacctctactgtaccagtcaccagggttgagttattttgcatactaaccaagagggggtggtttcaaactcctctttcatgtgtggtagtttttactgacttatctgcctgggttgtgttgccaggaggatttgctattaaaggaaggtatttgctggaagaagaagacatacaatacatctgtacccattatggccaacaaagataa,1.12,0.875,0.88,1.125,1.73333333333333,0.933333333333333,0,1.33333333333333,2.52631578947368,1.125,3.15789473684211,1.125,1.33333333333333,0.777777777777778,1,0.888888888888889,1.52941176470588,1,0.470588235294118,1,1.6,0.8,0.16,1.44,0,0.315789473684211,0,0,1.42857142857143,1.14285714285714,1.14285714285714,0.428571428571429,1,0.857142857142857,1,1.14285714285714,1.53846153846154,0.923076923076923,0.461538461538462,1.07692307692308,2.47619047619048,0.571428571428571,0.952380952380952,0,1.10344827586207,0.137931034482759,1.37931034482759,1.37931034482759,3,0.625,0,1.375,1.125,1.5,0,1.125,0,0.714285714285714,1,1.28571428571429,1.42857142857143,0.37037037037037,0.428571428571429,1.62962962962963
Cricetid gammaherpesvirus 2,Duplodnaviria,RHVP,vertebrates,NC_015049,YP_004207869_37,atggccaacaaagataaaatcaggagatttttaaacaaggaatgcatatgggtattgaatgatgcttcttgcacaaagaaaaaagtttactctgccactgttgccaagtctccctttttagagggcctggacggtattccagataatgataaattttatcaaaatgtgactgcacttataatgaagccaaaggatgccctgccctgcgtgactgtgtttctgtcaggagctcctatagtttgtagcaatgtcaccactgtgtcaatccagcaagttcctgggacacagatgttcttgatatactttggagaatttattggatcgcctgctatgccaatacctatggatcccagtatcccatgtacaaagggtacatatactgagccaggctggactgatattgtaaactctgcaatgcttacagaacatgccagtggtggttcaggtgccttcacaccaataagtcctttctgctggtatgagccccacaagctgtgtgaatatgtcattcacaaagattgtatggtcatgattccaactctgccagtttttccatctatgacaaaaataataactgccatgaccagatgtgagaacctgttgtgtgctaaatgtgcaggatacaggagacatgctactgtcagaaagggatttacatgtgaggctagttctggcacgtccatccaatgtccatgctccataagttgcaacctaaaaaatgggtcagtccctatcttaaaaaatgcaaatctattatccctactgtttgatcccgttgtggccccctcagtgaagagcctccacattacccaatatccatcgcccaggcccctggatgatatcatctatggggtcactaatgatggaaaacgggtgaatgtggagtcttcctcttggaatctggtcaccttgtctgatattcagtcacagatatacattactgggtgcaaaaaaataaaaaagaagtgcttacattcttattga,1.12,0.666666666666667,0.88,1.33333333333333,1.33333333333333,0.666666666666667,0.166666666666667,1.83333333333333,3,0.413793103448276,2.25,1.03448275862069,1.26923076923077,0.807692307692308,1,0.923076923076923,1,1,1,1,1.76,1.28,0,0.96,0,0,0.75,0,0.75,0.25,2.25,0.5,0.8,0.142857142857143,1.2,1.85714285714286,0.888888888888889,1.77777777777778,0,1.33333333333333,1.33333333333333,0.666666666666667,0.888888888888889,1.11111111111111,0.347826086956522,1.21739130434783,1.39130434782609,1.04347826086957,0,0.727272727272727,0,1.27272727272727,1.24137931034483,0.827586206896552,0.413793103448276,2.06896551724138,3,0.941176470588235,1,1.05882352941176,1.25,0.5,1,1.5
Cricetid gammaherpesvirus 2,Duplodnaviria,RHVP,vertebrates,NC_015049,YP_004207870_38,atgctgctatctaaaaaggtagctcactttaaacaaaagtgtgggtctcgcctgcttgaagaccaccaatgtcctgttgattggagcagttcccctggcgtcttttgggcaacaactagacacagtctttgtgttccagagccatatgttggtgtcctaaacggggcagtaaaatttagcaacacttttcaaaattactgcttcaggcaaagacgtgtgggatatggactgccccacccatcctttggcagtgcacagtttataacaaatcccaaaccacatgtgatccctgagctgtctaatgttttgcaagagatgatgagtcaggcaactggcacttcttcaaattccctggagctaaaagttgcacaagatactctgtcactgtttacagatggaccccagctgaaaagcatgactctctttctttccaacattgtgacatattttcacacaacacatttgaaacaccaagtttttttggaaccctttcagaaacagctaattttacacagcttctttttcatagcctcaattaagtttccagaaactgtttttaaaatgtataatcaaactaaggaactgtttggactcctacacacaaatgaatcaataatgacaacatttcagcagaaagcaacagtttttttaattccaaggaggcacgggaaaacatggatagttgtagcaataatcagtatgttgctgtgctccatagacaatatacacataggatatgttgcccatcaaaagcatgtatccatggctgtgttcttggaagttatcagcattctccagagcaggtttgctaaggacctagttgacattaagaaagaaaatggactcataatctttaaacatactggaggaagcagcaccctgatgtgtgccacctgcttcaataagaatgtaagcacttcttttttatttttttgcacccagtaa,1.23809523809524,0.461538461538462,0.761904761904762,1.53846153846154,1.83333333333333,0.5,0,1.66666666666667,1.5,1.86206896551724,3,1.03448275862069,1.42105263157895,0.631578947368421,1,0.947368421052632,1,1.33333333333333,1,0.666666666666667,1.84615384615385,1.23076923076923,0,0.923076923076923,0,0.75,0,0.75,1.125,0.75,2.0625,0.5625,1.27272727272727,1.14285714285714,0.727272727272727,0.857142857142857,2.15384615384615,0.923076923076923,0,0.923076923076923,2.13333333333333,0.8,0.8,0.266666666666667,0.869565217391304,0.347826086956522,0.695652173913043,2.08695652173913,3,0.333333333333333,0,1.66666666666667,0.827586206896552,1.24137931034483,0,1.03448275862069,0,1,1,1,0.5625,0.37037037037037,0.9375,1.62962962962963
Cricetid gammaherpesvirus 2,Duplodnaviria,RHVP,vertebrates,NC_015049,YP_004207871_39,atgactgatttgaataatcttatttgctcaagagacccagcactggaaaggacatttaagaagtgtatttcactggccttgcagatggggaacaacctcccaggacaatttagggtgattgaaactcctataaatagctttttgttggtaggtgacgctcttccaaaagaggtcttgtcttatatgaaaaccaacacctgtgattcattggactttagtactctatcccttccacgcgttacaaaacttactgaaccagaagacactgccaccaacccagagataaaacagtatcaattaaaagaagagcccccctataaatgtatacaagcatcacctgaaaatggcctaatatatcatcttcaggcatggactgccgccatgggataccaactggatcagcttataaaaaaggtgatagaactgactgctataccagaaaattggacagctgtactcccagttgatcctgtggcctgcatgtggctattattctgtggcccaaagtctttttgtgaggaaatgtgttgcatgtcagaaattttactaggtgttagggggccaattcttttaccccctcacatgtatcatccagagatatctatatcttccttcttaaattttttatgtcaatatgttaagcacttatataaggattttactgaaaggatagaatctccaggtattgacaggagggccactgaatgtctggccaggattcaaaccctggaggaaactgatgtgtttctgactaggtgctgtttattttgtcatctatacagacaaaaccatatggtatcccagggcacctgtggctcagccacttgcataattctggctccccctggtcatacatttttagcccagactattagagttgctgtcactgagcataaaaaagactgcactttgttacccacctatgaccttaccctgttggccaattactttaaagatacttatggagcacaaaactgtattaaagaggttgattgggacagcatttaa,1.29411764705882,0.923076923076923,0.705882352941177,1.07692307692308,0.592592592592593,1.03703703703704,0,2.37037037037037,1.5,0.705882352941177,4,0.352941176470588,1.5,0,1,1.5,1.14285714285714,0.5,0.857142857142857,1.5,2.18181818181818,0.909090909090909,0,0.909090909090909,0,0.5,0,0,0.714285714285714,0.285714285714286,1.28571428571429,1.14285714285714,1.27272727272727,1,0.727272727272727,1,0.842105263157895,2.10526315789474,0,1.05263157894737,0.923076923076923,1.23076923076923,0.615384615384615,1.23076923076923,0.8,0.533333333333333,1.06666666666667,1.6,3,0.5,0,1.5,2.11764705882353,1.05882352941176,0,1.76470588235294,0,0.666666666666667,1,1.33333333333333,1.42857142857143,0.307692307692308,1.14285714285714,1.69230769230769
Cricetid gammaherpesvirus 2,Duplodnaviria,RHVP,vertebrates,NC_015049,YP_004207872_40,atgaccttaccctgttggccaattactttaaagatacttatggagcacaaaactgtattaaagaggttgattgggacagcatttaagtctggagttgaaaaaaagacagcagtatctgtttatgacaggtttgggccacaaaaccccctatttgttgcccaatacagctgtgcaaaaggagcagaggctgaactcagtaaaagtagagagctgtatgacagtgctcagctgtctaattctttgcataaggcccttagtcataagaaacaagaattggcacacttgagggcttgtgctaaaatatcagttggggagctagaaaaattaacagacgatatatttgaggcaagggagaacattgaagacatatcatcctatctgttgaactctgagggcgaatcacctgaagatttaaatcagcagcatggcaactgcactgacgatatcctccagtggagaatcgacgaaatccctagtgtgcctagagtccttaagtga,1,1.33333333333333,1,0.666666666666667,1.71428571428571,0.571428571428571,0,1.71428571428571,2.57142857142857,0.4,3.42857142857143,2,1.2,0.9,1,0.9,0.857142857142857,0.8,1.14285714285714,1.2,1.14285714285714,1.14285714285714,0,1.71428571428571,0,0,0,0,0.6,0.6,0.9,0.9,1.06666666666667,1.33333333333333,0.933333333333333,0.666666666666667,2,0.666666666666667,0,1.33333333333333,1.14285714285714,1.14285714285714,1.71428571428571,0,1,0.5,0.5,2,0,0.5,0,1.5,1.2,0.4,0,2,3,0.5,1,1.5,1.5,0,1.5,2
Cricetid gammaherpesvirus 2,Duplodnaviria,RHVP,vertebrates,NC_015049,YP_004207873_41,atggcaactgcactgacgatatcctccagtggagaatcgacgaaatccctagtgtgcctagagtccttaagtgacatggacgatagacctggaccgtcaaacgcagcgaggaaccagagacctcagcagatgcccagaaatgatgaaccttctatcatagaccatatgctctggcaaaaggatcatgtgtcaatggaccagagctgcctaaatgtgataagttttaaaattcctgccatctggacttcatgcaaacatccaaaattgcccacgggtcaccagctggggagaggtggctatggaagtgtgtctactgttgccaacaacccaggcatgtgtgtaaagaaaatgtccaatagtagggattttttttctgaggctgtaattatggacgtggtggaagtgtcaaaaagaaacaactctgatcatgctggagttagaaatattgttggtattttgggggtatgtagccactgcaaggttattatgtatccaagatataggtgctcactggataaatttatcctcctgcctaatatgtgtttacaattaataaatggctttcaggggctcatgaatgctgtggaatttttaaatgtaaaatgtggttttacacactgtgatattagtccatccaatattcttgttggaaatggtggagtagccaacctgattttgggagacatgggcgtctgtgtgataactggaaacccggccaattatccaaaaattattataagaacaaaaaatggaagaaacgtgggcagtgtgaagtgcacaatatgtccagaatatactgggaagtgtgaatacagaccagcatttttgctttttatgaattatgatactgctataaatggcaggtctagtgactttcacaacttttctccaactcgttcacagggcttactcctggataaatgttctcttttatgtacgttcctagaaagtttaatcatgttggctgggaagccgtacagatatttgcagagagtcataaatgacaacccgccaccggatgagggcgccaaagtgctttgtcacctcatgcagcgcgagtgcgtagcctccattttaagctgcctgacgtatacaaaattccacatagggctggatccaaaacggggcagtacttatatcaagctctcaaaggcacacagcacatattttagtaacctgtgctcgcaagggaggcatgtcctctactatatgctagatcgtgaacacgcggagacatacaggcatcccatgcttcgaacatttttgctacaatttaactcactggataagtttaaaccccttccacaatga,1.25,0.928571428571429,0.75,1.07142857142857,1.4,0,1,1.6,3.1304347826087,0.615384615384615,1.56521739130435,1.69230769230769,1.15384615384615,0.576923076923077,1,1.26923076923077,0.714285714285714,1.14285714285714,1.28571428571429,0.857142857142857,1.76,0.64,0.8,0.8,0.260869565217391,0.260869565217391,0.260869565217391,0.521739130434783,0.818181818181818,0.954545454545455,1.36363636363636,0.818181818181818,1.23076923076923,0.761904761904762,0.769230769230769,1.23809523809524,1.11111111111111,1.33333333333333,0.444444444444444,1.11111111111111,1.2,1.2,0.933333333333333,0.666666666666667,0.923076923076923,0.461538461538462,1.84615384615385,0.769230769230769,0,0.533333333333333,0,1.46666666666667,1.23076923076923,1.07692307692308,0.307692307692308,1.07692307692308,3,0.9,1,1.1,1.09090909090909,0.235294117647059,0.954545454545455,1.76470588235294
Cricetid gammaherpesvirus 2,Duplodnaviria,RHVP,vertebrates,NC_015049,YP_004207874_42,atgactccccagatcgacttcttctctaaaaaatccctagtggactgtttggatggcatggaacatgaggagcaaattgattgtatctcgggactaagattttcagcattcttacagacaccagaagtacagtcactcctttcactctcgagcacccgcgtccgcgtggcacctttaaggatgacttattattactttctgttcaggagaataggggaatttatgggcgatgactctgtctgtgcaacctttgaggcaacaataaacatcagtagcgacagcggacttaatgatgtctattcagcatgtgccaataccattcctgaaatcctgtatggcatctgcttaaaaatagaagcaatgaccagaggacagcaggcaaatggcctgtgggacattctaagggacggggttgtttcctcatcccgctttcactgggctgtgaagaagtctatgggatcaaaaaaactttttgtccagtggcccatacaaagcaatcactatgtggcaggccctctggcgtttggattaagatgtgaggaaacagtcaaaactttattgtctgtgctaatccatcctaatgttccctgttacaacaactgtggatttttacctagtgcctgtgatggaatatttggcgtgtccttggattctgcctttaatgcctacatagatgctgatggctcagttaactttgagccagacaccatagtctatgaaataaaatccagatacaagtatctgttttcaaaatctgaatgtcacgttctgtcaaaacactacactgccctgtatgataatccatctcctgcaaatttttttaggtttatgatggctattcagaagccaggtgtggattttctgcctcctggaaaacaccctacagaaagggattatttacttaccagcaatgagaaatgccacatggggcccaaaaaaagaaagaacctaacctctcaacaccatctactacagcagtgcctgatacacaataaagatcaaaaatccattttgcatgtactaacagatccttccatcacccagggccaaataagtattaaacagacagtgcctgtagacatttacataaatccagcacacccctactttttccaggtatgtttgcagcacatggttgttcaagattatatagcatttaaggaatcatacactaggctaggacatcagaaaaatttcatagtgtctgcattctttaggcagaggcacttttcagatcccaaggagtgctacattggggatttggcaaaaattgaagctggcagagaaataccagtggccctgttgataactcctgtgagaataccctccactgtcctggcagaatacctgcagagtgcaacagatttttggaataagtgctcaaaagagactttcaagtgtgcaccatgggttcagtactcggattatgcaggaaagaccttaaccccctga,1.31034482758621,0.555555555555556,0.689655172413793,1.44444444444444,1.12,1.6,0,1.28,2.52631578947368,0.731707317073171,2.52631578947368,0.585365853658537,1.5,0.65625,1,0.84375,0.521739130434783,1.375,1.47826086956522,0.625,1.03703703703704,1.18518518518519,0,1.77777777777778,0,0.947368421052632,0,0,1.28571428571429,0.285714285714286,1.71428571428571,0.571428571428571,1.23809523809524,0.615384615384615,0.761904761904762,1.38461538461538,2.42857142857143,0.857142857142857,0.142857142857143,0.571428571428571,1.66666666666667,1.5,0.666666666666667,0.166666666666667,0.533333333333333,0.933333333333333,1.46666666666667,1.06666666666667,0,1,0,1,1.75609756097561,1.17073170731707,0.439024390243902,1.31707317073171,3,0.625,1,1.375,1.14285714285714,0.551724137931034,1,1.44827586206897
Cricetid gammaherpesvirus 2,Duplodnaviria,RHVP,vertebrates,NC_015049,YP_004207875_43,atgggttcagtactcggattatgcaggaaagaccttaaccccctgaaggatgtaactgggcaacccattgatttatcaaaagattttgaagacgtgacagaggactccttgcttatcccgccccctccatccaacgagcccagtccagaggacaaggatgacaacagtgaagaattgtgtgggagggagggaatgaaaaaatgtaaaaagacaaagcggggggctttattgtaa,1.11111111111111,2,0.888888888888889,0,2.66666666666667,0,0,1.33333333333333,0,0,4,2,0,1.5,1,1.5,2,NA,0,NA,1,2,0.5,0.5,0,0,2,0,0,0.6,0.6,1.2,0.857142857142857,1.11111111111111,1.14285714285714,0.888888888888889,0,0,0,4,1.33333333333333,0,2,0.666666666666667,2.66666666666667,0,1.33333333333333,0,3,NA,0,NA,2,2,0,0,0,0.666666666666667,NA,1.33333333333333,1.8,0,1.8,2
Cricetid gammaherpesvirus 2,Duplodnaviria,RHVP,vertebrates,NC_015049,YP_004207876_44,atggcagtattcaagtcagcagtcatttccaggagcgattcatttctcctgaggacatggacaaacttactggcattgctggccctgatgtacgcgtccactcttttggtgccaattgctgcatccatcaacaatgttggatttccctgctactttataaatttggttgattacagtaattttaacttaactgttagaaattcagcaaagcatttaacccccacactgtttttggaaccagttgaaatgtatgtgtacctgacctggtcattcatagttgatgggttaaatttagcatactttatctatgctgctgtaattttatacagacttaaggcaacagctgtcaccaatatgagggccattgaaacttggataacattgctgggtaaccatgctgtaatttttttgattgtggcaaaattgtggactctgcaattgttcatacacgtgctctcatataagcatgtatttttggctgcttttgtgtatgtgtttcattttggactgtcttatttgcacattcacctgtttatttcaagaaatgtggcacagtggaaggctgatgacatggaaaggtcgctccctgagggaacctccctggaaaagttagttttcatattcaggccaatcattgccaatattcaaatgtccctcctggccatggaaatgatggtgttttctttgagtgtgatgatggcaatatgtaactctttttacatgttggtgtcagatgcagtatttggtgcaattaatttgcttttaattttaacaattgcctggcacattagtgcagaggtgtttttggccagatacctgaagcaccatgtgggcttttacgtgggcctgtttgtttcctacgtcataatgcttctgccagtaatcagatatgatgcagtttttgtagcagccaggctccataaacctatcactgtaaacatcaccatcataccacttatttgcattattgttatagtcataagaataatcagattgagaaaatcaaaaccatctatggcttctgtcagctattcaaaagtctcagactctgtgaaattgaggaacgtgtctcatgttatcccatcaaatcccaccccattgatgttggactctgaaacagatgatgaagaagattttttatttgctaaataa,1,0.823529411764706,1,1.17647058823529,1.55555555555556,1.33333333333333,0,1.11111111111111,3.2,0.387096774193548,2.8,0.580645161290323,0.891891891891892,0.72972972972973,1,1.37837837837838,1.33333333333333,0.833333333333333,0.666666666666667,1.16666666666667,2.46153846153846,0.923076923076923,0,0.615384615384615,0,0,0,0,0,0.566037735849057,1.69811320754717,0.566037735849057,1.63636363636364,0.5,0.363636363636364,1.5,1.81818181818182,0.848484848484849,0.121212121212121,1.21212121212121,1.5,1,0.5,1,0.82051282051282,0.615384615384615,1.53846153846154,1.02564102564103,3,1.17647058823529,0,0.823529411764706,2.12903225806452,1.16129032258065,0.193548387096774,1.54838709677419,0,1.33333333333333,1,0.666666666666667,1.13207547169811,0.384615384615385,2.0377358490566,1.61538461538462
Cricetid gammaherpesvirus 2,Duplodnaviria,RHVP,vertebrates,NC_015049,YP_004207877_45,atgtgcagattaaaatggatgcaggtgtttgtgctggatgttacattttataatgttgtgcccgaaacctcatcaagcatctggattgttaatgtaatagacacccataacaaaaaagggtctctagtccctctaatacagccactatctgataaccaactaaaaagatttatacatgttagcaataaccatcatgatcccagcccatttcaatcacacgcttccctgatgtgttggataaaagatatacaactggaatcagtaccaataaaagatatacttcctggacaccaccaaaaacttggactttgtaacaacatcacagttgctgttgaaaaagtggccaagggccccatcacaccactgcgcggggcttttctctggtgtgctggggaccagaacatcccgcctcatggagaagattcacaagtggacactctcacccagtggacaatagacataaggaataacttaagcatcacctcccctcaggtttttctaaaaacaagtcttggtaactacatatatgaaagccagaaagaggatgaggcaaaaaaatccaaaattgaatctattaaaatcttagatattttcaacccatgtgaattcaatgtaacaatcaatgaaagaagtattaagattcttttttatcacacaccctatgatgttttatggattcatccagactgcagatggaatggatgcttagcagaattttatagagccttacacaccaaactatacagtaatttccagggactggcgcctgtcttttgttacatgtttccaggtgctataaacgacgggacacattttgatccatcatttcccgcatttcctttttgctgtctactgtatgggctaccatgttccattgataccacgtatgtgaccaggaaagggaacaggatattgtgtcacctcccagaaataaaaaatactcccctggcagataaactattggggctacaccttacatataacattcagactcaaccaacttgggcatgttttaccacagagctaaaccacacatgggtgaaggaagacagcaaccatattgtgataaatcaaagtcatacattaatacaggtagacttttcagacacattttatagcaccctggcacttgagtcttttggccaccctagactgttagaggaaatattatctgtatgttcttctgtcactaaaattaaaataaatatcctatataataaatgcctgcaggccataatggctactgcctcacaggccagtgctcattggttagcaatagataagtgtagagtctatctgtgtctggatcatgcagccagcaataccaaccttggtgagatcattagtggcataaagacaagcataaatgaactaaattatccagacttgagtgtgaatatctgtcactttgaaagtgagcattcagtggtgttcctatacaatggtctaaccttccactgcatgcctagatgcctccactcttcttcccccgcatctaactttatggacttaatacagcaggcagtctgttttcagctgtgcaaatgtaatcattctccaggggagatcttggaccatttgtgccaagtctgttttataaacaggagaaatgcccagttctggtcattggaacatgtcccatctcttcagatatgtaaaccagccaccctctcccacacagtcaagcccatatttttcatccacagtatcctaggtccccagatactaaacatgggctgctcacttccatatggtgtaaattatctggcatatctagacatgatatgtgacattatgaagcaaataaccagtccactcaccattgatcttcagccttatgtctctttattgaatttactctga,1.53333333333333,0.923076923076923,0.466666666666667,1.07692307692308,1.66666666666667,1.55555555555556,0.111111111111111,0.666666666666667,3.85714285714286,1.10204081632653,1.71428571428571,1.22448979591837,1.52727272727273,0.709090909090909,1,0.763636363636364,0.666666666666667,0.96551724137931,1.33333333333333,1.03448275862069,1.88888888888889,1,0.111111111111111,1,0,0.428571428571429,0,0,1.54285714285714,0.6,1.2,0.942857142857143,1.30434782608696,0.96551724137931,0.695652173913043,1.03448275862069,1.62962962962963,1.18518518518519,0.148148148148148,1.03703703703704,0.869565217391304,0.695652173913043,1.39130434782609,1.04347826086957,0.705882352941177,1.05882352941176,1.29411764705882,0.941176470588235,0,0.4,0,1.6,1.3469387755102,0.73469387755102,0,1.59183673469388,3,0.714285714285714,1,1.28571428571429,1.11428571428571,0.466666666666667,0.6,1.53333333333333
Cricetid gammaherpesvirus 2,Duplodnaviria,RHVP,vertebrates,NC_015049,YP_004207878_46,atggctacagccaaaacattggaaaagatgatgccagtaattattccaagaatgatgctagaactcagcaccaatggaaaagtaactgttgcagcaaattctccactgctggttaagaactctacagtaaatgttaaggctattaaggaatacatcaaagacaagatgcagtctggaaacttcaaggcatttgtgtttgcatcagtaatagaacatgaagacacggtggctagtctggacatgtatccacatgtttatcagagcagaatcctgttatttatgccccctaatgcagtgctttttgaactttgcatgctggtgtccatgatggaaaacctgatcccaggagatggaacacttgccatggccatatttcagagagggaaaactctgtttgaaaaaaatccttctgctgactccttattcctgtttaagggtttgagtgttctgactgcaacccacctggcagtttacaacccagcatttagctcaagtgatccactcctgaaagccccactgttgacttttaaattatttgctgccattgaaaatatggacagcaaatcacaaggattgttaaaatcaatagtggtggactccttcagaatgcaggctggaacacatgatgatggttgggtttctgcacctggctcattctcattgttgtacaagaacaccatattcaccaaacacttacaggtttcttctattgtattttatttaaaaatggcctgcttgttgcatgagcccacaagcacaataatatcagagtaa,1.15789473684211,0.909090909090909,0.842105263157895,1.09090909090909,1.75,1,0.25,1,6,1.2,0,0.72,1.28571428571429,0.642857142857143,1,1.07142857142857,0.333333333333333,0.666666666666667,1.66666666666667,1.33333333333333,2.46153846153846,0.615384615384615,0,0.923076923076923,0,0,0,0,0.1875,0.375,2.25,0.5625,1.63636363636364,1.2,0.363636363636364,0.8,1.71428571428571,1.14285714285714,0,1.14285714285714,2.4,0.4,0.4,0.8,1.05263157894737,0,1.26315789473684,1.68421052631579,3,1,0,1,1.68,0.72,0,1.68,0,2,1,0,1.125,0.625,1.5,1.375
Cricetid gammaherpesvirus 2,Duplodnaviria,RHVP,vertebrates,NC_015049,YP_004207879_47,atgatctgtctcacctttggatcagaagtcatattcatgatgaatttgtctgttaaccccgacatagttcttcacccaaccaaacattcagttcaactgtttgaaatcctgaaggggaagtatgcatatgttaatggacagacaatatataccagcattagatcagcaaatatattctataaacagttgtttgtatacctttataaaaacacactaaacagttgcacttaccagacagttgtttccaactgggaggtttttaaggcttcgatgctagtgtcctggaagacaaaaacagggaagaatattcaggagataacccagtcatcttttgcctcttgggcatcaaccctaaaacttacaattgaaaaaaacattctgcccctggctgttcaactacagtatagtcctggccttatctcatatgagaggtatattgactggataacagctgttggatttgttccaatagcaaaatgtaaacctaaccccaaacatatggcacacctggacctacagctcaagctcctgttgtctgaaagtgcagaacatgataccattcttcaggagatgttactgaatatggccactgatttgaaaaagacactggaaaagttgacctccttgtatattccagactactcggaggtaacagtctataaagatggtacctctgggggcctttatggcagatataatggcaaaaccatacatgttgaagtgatttataccccaatagtgaatggaggctactgtgtttttgacagctgtgtgcaaagaatatttccaactgtcatgcagtgttttaggaccagggagcacgccaagctgtgtcaactgttaaacactcccccaattaaagcaattttaggacccagttcctcccatggatacaaggatttgctaaagcatattgaaaactcatcacaaaaatcagatcccaaaaaagacatgttcaacctgctcttaaatttggcagagaataaaactgtctctggagtgtctgatgtagttgaagactttatcagtgatgtctccagcaaccttatagacaagaacaagctatttggcaaccaaggggagagtgcagcatcgggcctgagaaaacaggtatccaactcagtttttaagtgtttaactaagcagataaatgaacaatttgacacaataggtgatcttaagaaagaaagggaaatgtatgtatccaaactggaagccttagagacacagctgctaaaattatctcgaaacgatgagtcagttccgggcccgtctgtcaactttctaacagctgacacgctgtcaagtctgcaggaagttaaagatctaaaacacaacatggtaactaatgacattaaggaaggccaggccgtgttgaatagttttttttcacaatatgttccaccctttagggaattaaacaaggatttgggtagcttatgggagagtgaatttatgcatacttttaagcttataccagaggttgacgcccaaggaaagttgatatgtgtaaaatacacccaagaaactatatccatgctattgggtccctttacctataccatagccaatctgtacaacattaatttgctgactgggtttatgagtgtccagtcactacaggagctagcagatgatatctatgataaaagcagactgtctgtttatataagggatatagaagaaaagttttctgattatacagcaggtcttggccagtctcaacacaaccataatggctacagccaaaacattggaaaagatgatgccagtaattattccaagaatgatgctagaactcagcaccaatggaaaagtaactgttgcagcaaattctccactgctggttaa,1.12,1.10526315789474,0.88,0.894736842105263,1.3,1.4,0.1,1.2,2.76923076923077,0.711864406779661,2.76923076923077,1.22033898305085,1.5,0.394736842105263,1,1.10526315789474,0.838709677419355,0.857142857142857,1.16129032258065,1.14285714285714,1.6,1.6,0.4,0.4,0.461538461538462,0,0,0,1.14705882352941,0.352941176470588,1.67647058823529,0.882352941176471,1.21212121212121,0.774193548387097,0.787878787878788,1.2258064516129,1.84615384615385,1.23076923076923,0,0.923076923076923,1.16129032258065,1.41935483870968,0.645161290322581,0.774193548387097,0.717948717948718,0.717948717948718,0.615384615384615,1.94871794871795,3,0.571428571428571,0,1.42857142857143,1.42372881355932,1.11864406779661,0.305084745762712,1.22033898305085,0,0.363636363636364,1,1.63636363636364,0.794117647058823,0.307692307692308,1.14705882352941,1.69230769230769
Cricetid gammaherpesvirus 2,Duplodnaviria,RHVP,vertebrates,NC_015049,YP_004207880_48,atgtcggggttaacagacaaattcatcatgaatatgacttctgatccaaaggtgagacagatcatcaataaaattcaagacctgtcacagctgactactcgccctccagagatgtcatggtatgattctcaattcgacccaatggatgaagaaactgagttgttgcccttcacagtctttatgataactggaacagctggagctggtaagagtaccagtatatctgcattacaccagaatctcaactgtctaataactggagctacagtagtggctgcacaaaatctttcttccctgctgagaacgcgctgcccaacaatatttcagtcatttgggtttaaaagtaggcacataaatatgccactaagacaggtacccaggggtgtgcatactagcatggagagcattcagcaggcaaacctctctaagtattggcacgtgctatcagacatcatccatgaaattatggaaaaaaagaaggtgggcctgtatgattctctaacaggtgaattatttgaacttcttgccatgagctcctcccctgaaatgtggttcactaacataataataatagatgaggcagggactcttcctgctcacatccttacagcagttgtgttcctgtattggttctataatagctggctgagcacccccctgtataaggaaggtagggtcccctgtatagtctgtgttgggtcccccacacaaacatctgccattcaaagcacttttaaccacttaaatcaaaaaactgagatttcccaatgtgagaatgttctgtcttttatcatgggaaccaagttggtatccagctatacaaaattgcaagataactgggcacttttcataaacaacaggagatgcaatgatgtccagttttctcatatgctcaaaacattagagtatggacttcctaacactgaggacatcgtgacataccttgaccagtttgtggtacctgcctccaaaatatgcgaccccaaggaatatactggatggacaagattgtttatatcccataatgaggtcaaggcatatatcagtaggttacatttaacccttaaaggagacacctcctgtgacacacagctatttacttgcccagtaatgctggagatatttcactcagagtttgataaatataagcttaaaaccaacatccaggatattaccatcacagactggctaacaaaaaatttatccaaggtcagcaattactctcaatttgttgatcaggatatgaacattattaacacaaacattcaggatactgctacaacaatcacctatcagaccaaatatgtaaaaaatagctacatatccttaaatggaaaaactagaagatgcatatatggatatgttgggacggtggcagggttcaggcagatactagagtgtgagacttttattgatctccatggatgggataatccaaagtttgtctattctttcataaatacattaatatataattctttatattttttttcatcctttggagccaagtgcttaaacaaggagtttttaaaacagctttctgagttagatatcccgacagttctcataacatctcctggggagcatgagttttcagcaagtgaagagcatgaagatatcttttacaccttggtagacagtgtgcctgatgccaatcacgcccagctcccatttttaattcagtggtacaatgccctaaaggatgtattttttgccagaagctccctggcagttgcccactttggacccaccttcatgaatgagcccttttccacatatacccacaacgttcaagtaagaaatggagttgaatatacaagttcagctacttgcatttatggcctgcttgattttgcatcaactgtggactcataccagatagttggatatacttttatgcccgtctctatgggaaaaccctttgggttcccctccctgaaccaaaccatcctaacagccatgccacacatagttgttcaagactccctaggctttgtttcgtgtttagagaggaacgtgaacaaggttgcagaaaccatggaggatggcacaatagtaaccctgggtcatgcagtagactatgggataagcaccaagttggccatgaccatagtcaaagctcaagggatgtccctgcagaaggtggccattgtgtttggaacccataagaatgtacaacccagccacgtatacgtggcaatttccagagcaactgaccccaggtatttggtgatggacaagaaccccctgcgagagtcaacctttgaggataaccgcccagaagctgctacacatattgtaaatgcactacacaacccaaacaccttgctcgtgtattaa,0.947368421052632,0.954545454545455,1.05263157894737,1.04545454545455,1.54285714285714,1.14285714285714,0.114285714285714,1.2,2.72727272727273,1.10769230769231,2.18181818181818,0.646153846153846,1.36363636363636,0.818181818181818,1,0.818181818181818,0.823529411764706,1.04347826086957,1.17647058823529,0.956521739130435,1.33333333333333,1.6969696969697,0.121212121212121,0.848484848484849,0.272727272727273,0.818181818181818,0,0,0.929577464788732,0.591549295774648,1.35211267605634,1.01408450704225,0.756756756756757,0.864864864864865,1.24324324324324,1.13513513513514,1.68421052631579,1.26315789473684,0,1.05263157894737,1.82857142857143,0.457142857142857,1.14285714285714,0.571428571428571,1.03703703703704,0.666666666666667,1.25925925925926,1.03703703703704,3,0.4375,0,1.5625,1.01538461538462,1.66153846153846,0.184615384615385,1.38461538461538,0,1,1,1,1.35211267605634,0.5,0.76056338028169,1.5
Cricetid gammaherpesvirus 2,Duplodnaviria,RHVP,vertebrates,NC_015049,YP_004207881_49,atggatgaatttcaaaagcccatgaggatgctacccattaaaggggcgccctggagaagacccgagaggcatttcacttttgatgtttttagaccccgcatggactctgactctagctctggagatgacgacgtctttgaaccagctgttcccttgtgcacccccctgacgccaagccaccccaaacagtcgtttgacgggtatgaggatgaggatgacagtggttccgattctggagcccatgaggagacccagcaaacagaacatactgccctggaggaggcgtcagactctgaccgtgacgatgaaagtgaacagggcgaggagagtttgggtgttacttccgctgatgaggaagtatgttcagagtcgggcttgtcagaatctgacacccccacctctggagatagcaccccagaggtgtccccggcgatgatcaaaactttacatcgccccccagaaactgactctgaagaggaagacgaggggactcccaacccactgcctgcagtgtctgggttgggtaaacggaagccgacttcctctactactattgaacagtcttcagctaagaaaaccactgggtccagaacctgctgtgaggataagagccacataatgaaccatcccccacctacccagggaaatgacaacttcaactggccatggattgattaa,1.11111111111111,1.6,0.888888888888889,0.4,0.2,1.6,0.2,2,2.4,0.827586206896552,1.2,0.620689655172414,0.6,0.6,1,1.8,0.571428571428571,0.571428571428571,1.42857142857143,1.42857142857143,1.21739130434783,2.08695652173913,0.347826086956522,0.347826086956522,0,1.2,0.6,0.6,0.666666666666667,0,2,0,0.846153846153846,1.08333333333333,1.15384615384615,0.916666666666667,0.444444444444444,0.888888888888889,1.33333333333333,1.33333333333333,1.14285714285714,0.571428571428571,1.42857142857143,0.857142857142857,0.571428571428571,0.571428571428571,1.14285714285714,1.71428571428571,3,0,0,2,0.827586206896552,1.03448275862069,0.413793103448276,2.27586206896552,0,1,1,1,0.666666666666667,0.571428571428571,2.66666666666667,1.42857142857143
Cricetid gammaherpesvirus 2,Duplodnaviria,RHVP,vertebrates,NC_015049,YP_004207882_50,atggataggtggctaatgaagcatgtttggacagaagatattgatacaggcagtaagaataacaagactgatttgccaactgaatgggtaaaatttttagacctgagtaccttctttgaacaaaggttggcacttgtgattaaacaggtagaagagaggagaaaagagcatataatatatccagaaaaggaagcaatatttctttgggctaaactttgcagtccagagaatattaaagtcattattttgggtcaagacccataccacggtggacaggcatcagggctagcctttagtataaagccaggaaacgcaatccctccaagcctaaaaaatatttttttagagctgcaggcgtcagttcctggctttgttagcccaaggcacgggaaattggatgattggggaaaaaggggagtgttgttattaaacagtgtgctaactgtagataaggggaggcctgggtctcattacaagctagggtggacatggtttactgattatgtcatctctgtgttgtcaaaaaaattaacaggctgtgtgtttatgctgtggggaaataaagcaattgaaaaagaaattctaattaatcacagcaagcacctggtattaaaagcacagcatccttctcctctggcagttgtgggcagtggctccaaacagggaccattttctggctgcaaccatttttgcctggctaacaagttcttagcagaagttgggaaagagcccattgactggaccctctaa,1.25,1,0.75,1,1.6,0.8,0,1.6,0.857142857142857,1.05882352941176,5.14285714285714,2.11764705882353,0.75,0.375,1,1.875,0.571428571428571,0.888888888888889,1.42857142857143,1.11111111111111,2.28571428571429,0.285714285714286,0,1.42857142857143,0,0,0,0,1.24137931034483,0.206896551724138,1.24137931034483,0.620689655172414,1.28571428571429,0.545454545454545,0.714285714285714,1.45454545454545,2.66666666666667,0.333333333333333,0.333333333333333,0.666666666666667,1.2,1.2,1.2,0.4,0.941176470588235,0.470588235294118,1.41176470588235,1.17647058823529,3,1,0,1,1.05882352941176,0.352941176470588,0,1.41176470588235,0,1.5,1,0.5,1.44827586206897,0.333333333333333,1.24137931034483,1.66666666666667
Cricetid gammaherpesvirus 2,Duplodnaviria,RHVP,vertebrates,NC_015049,YP_004207883_51,atggtattaccaacatcaataaagatgattttcaaactgcttattgggtatggtcttattgaagccataattggctcatttttggccaggccatgttgtcacatccaccataaacccaaaaacaaggattcactcgactatcccttttcagctaggtctatttactttgtggctccaagtacatgtggggggacccatgtggcaaccatacaacatataagcttaaaaaaggtgaaacaccttgaatgtgtgaatggatttaacttggcagcattcttgttggctgcatatgccaatgttgaaaataaaacagaaggtgaaaataggatgttggcacatcttaaaagtctgcaagtaacatttgatgaaaaattaacaaaaagtagtgctgacacctcgaggttttctataaatgcaagtgtgccacttggtatcttatcaaataaaaaatggataggtggctaa,1.57142857142857,0.5,0.428571428571429,1.5,2.5,1.5,0,0,0,0.428571428571429,6,2.14285714285714,1.38461538461538,0.461538461538462,1,1.15384615384615,2,0.857142857142857,0,1.14285714285714,2.66666666666667,1.33333333333333,0,0,0,0,0,0,0,0.352941176470588,0.705882352941177,1.76470588235294,2,1,0,1,1.84615384615385,0.923076923076923,0,1.23076923076923,0.4,0.8,1.2,1.6,1,0,2.5,0.5,3,0.5,0,1.5,2.14285714285714,0,0.428571428571429,0.857142857142857,0,0,1,2,1.41176470588235,0.5,1.76470588235294,1.5
Cricetid gammaherpesvirus 2,Duplodnaviria,RHVP,vertebrates,NC_015049,YP_004207884_52,atgcatttttcactgtctctgacagaaaaagaccactccctgctggagaacatcctgtccatgcacataacagaagaaaagcaggatgttaaaaattatattatgtcagttactagacaattttccacaaaccctgccttgaccctggttggcttgctatgtgccaaagagaagttgctggatccattggaaacattaaaaaagtgtggacttgaagaagttctttttttggtgttatatcttgtcaaagttttgtttaaaaggaactttgcctatgaaacaccaatttctctacaggatgtgtttagcaacacagtaacaagtttaaggaacacgattgaatatgcatgctgctgtgaaaaatgtgatagactgctgacgaaactactgaaaataactcttcaggaaccagaacttttatctccacatgctgaagtttgcacagcatataagtggctgaaggaactgaaaaacaagaagtgttgccaggacatctcagtttccctgtttggtgtgttagaagttatgaaacacccagatgaattcaaggatatagatggcaacagggcagaatgtgctgaagaatttgcaatatactgttcttgtttaaacttatgttggctgtatgataccattattagtgctgcactacagaatagttggattctgcaacaggccataggacagagatttagggactatggtttatttggaacactacatcccagaactgttttaaaatggttggtggagcttcctgacagcttgaatgcaaagaagattttgttggatgtggacaagatctgttatgattatgctaagtttaattatttttcctattttctaaagtatgatccctccataaaaagattggctgcatctattataggccaaactcaccagtggttagattttgatatttgctag,1,1.33333333333333,1,0.666666666666667,2.11764705882353,0.470588235294118,0.470588235294118,0.941176470588235,3.33333333333333,0.631578947368421,2.66666666666667,0.947368421052632,1.10526315789474,0.473684210526316,1,1.42105263157895,0.545454545454545,1.14285714285714,1.45454545454545,0.857142857142857,2.22222222222222,0.888888888888889,0,0.888888888888889,0,0,0,0,0.75,0,1.875,0.75,1.71428571428571,0.555555555555556,0.285714285714286,1.44444444444444,1.75,1,0,1.25,1.5,1.5,0,1,0.25,0.25,1.25,2.25,0,0.153846153846154,3,1.84615384615385,0.947368421052632,1.89473684210526,0,1.57894736842105,0,0.666666666666667,1,1.33333333333333,1.25,0.133333333333333,1.375,1.86666666666667
Cricetid gammaherpesvirus 2,Duplodnaviria,RHVP,vertebrates,NC_015049,YP_004207885_53,atggaaaagagcttttatttacctgacatggataagtgtttacacgagatggatcaattggccttaagtgctgcctcgcctgacttggccctggtgggcagagtccagtatgcagtttctgtttgcagaaccctgagactaaacatggacctggagcctaggatccttccctacattaaacaagttatactgcgccaactttggttcctggaggccctgtatcccaaggggaggcctaggagggccattcaggccggaaaacattctctacagcatgaaaacatggatgaattaagcctaatacgtgatatgagcatgtgtgcagtgtgcctggcgggatatgaaaggccagaggtcctccaatgtccattcattgaaacccctccccatatttggtgtacaaactttttgattgatgtatcagaacacacagcaaaaaaagtacagtcatttcttgacactaaagactttaagacaatgtattcaattgaagcctgttttaggttcatacaaaatttaaatcttccacactcagatgaggctaagagaaaatctgctgtaaatgttcttttattttgggtggctgtatatagagcattttattcctgtatacattcccagtaccttcttgactgtataatttccatggatggaatcttaaaactacaattaagccaattaattaatcatttagtaaacaaacatcaccccatccccaaagcatgtctcttacatttggcacacattcataagcactatgatatgctgtcatcatatttcttaacatgtgatattagcagctactgcaaaacattacaaaagtttttagaaagcttaccttaa,1.17647058823529,1,0.823529411764706,1,2.5,1,0,0.5,2.30769230769231,2,2.76923076923077,0.285714285714286,0.833333333333333,0.5,1,1.66666666666667,1.23076923076923,0.857142857142857,0.769230769230769,1.14285714285714,0.857142857142857,1.42857142857143,0,1.71428571428571,0,0.461538461538462,0,0.461538461538462,0.6,0.3,1.2,1.05,1.23076923076923,0.8,0.769230769230769,1.2,1.33333333333333,1.55555555555556,0.222222222222222,0.888888888888889,2.4,0.8,0.8,0,1.42857142857143,0.571428571428571,0.857142857142857,1.14285714285714,3,0.5,0,1.5,1.71428571428571,0.857142857142857,0.285714285714286,0.857142857142857,0,0.5,1,1.5,2.25,0.666666666666667,0.6,1.33333333333333
Cricetid gammaherpesvirus 2,Duplodnaviria,RHVP,vertebrates,NC_015049,YP_004207886_54,atgctgggtactgaaaaacccctaaaaaaaaggttatatgaactggccacagaattctccacaatgctatcaaagaagtgcaccgcccctgctcagaatatttcccacgtgatccgcctagagcaagctgtgagacagctacagtggtctgcatgcaaatatggcgccataggacctatgatatttgagacaaacctctataacctgtggatgatgtatagaaaccacagggccagacacagcgccaccctccacaagcaacatccctgcgggtttgtggctcaacaatgtttgaagtttctgtctgagagattaacctttacaactgacagaattctgaccatggcagcatcttcaggagtggacatcccacaaccgctggcctgtgccatatatgacattctagtagatgttagagacaaatgtggacctatgccagcaaagtctggagagggtaggcaaaatctgcttaccgtgatgcgcacgttaatgactgtatatgccaaagcccaggaagaaggaaaaatatcacccaagctggaagccttcattagactttgtagtccaatgttggacttaaataggatgtttataccaatctttcaacacgcctatggcatattaccatcctcaagagcatatgccataggtccaacagagcacagaagaagaacatgttcctttgtgtacctggattgtttacctaatggaagctacgcccttcctgactgccttttgatagagtccactgaagacagcctgcataggatcaatcatggcaacatgggcaagtttttacaagtaccagaaaatataatcaactcccatatgttatcccacgtgacttcgccctgcctggcccagatatttgaagaaaacatacacaatccaaacatgagtaaaatcttggccaccctagaaggcaccatggggctccttcgccagaaaggccggccataccttaactggtcaaagcatcaagccttatatcttccatctgatgaaccagacacagaagcaactgcatcccattctccagccaccagttatgcatattttcaagaaaatgcccaggccacaatagagctcactgaggatgcccctgattttatcccaccaagaaaacgccagagaacagagcagcttgatcaacaaggagaagcctcaactactttggactatccaacatcacctcctacacagttgtcagtgccctacagagcagcacccgcaccatcaacctcgttggtgaattatgaccaacaagaaattcacccaaggtctgatccaaaggtgtccctgcaaagttttgagtctgcctttggaaccacgcactccagcgcccccatgggtcaacaatctaaacatgtacattctacctatggtccatgtcctcagactggaaacagttctactatccaaacccaaccatcagaagctcatgcaatggggcgtcaccagctgccccaacacctacctgggcccaggtgccatgtatcacaacacccaaaccaacaatttgcctacaatgctcaaccgtcccaccgatttggatctcagcacaccaccaattcggcccaacaaatgcaccccatggcaaacgagagaccccaaacaaacccttcagcgtttcgggaaaaaaccatttccagactgaaccctcacgatggcagagcacaacaaaactctcaacccgacccgcgacaaaatcccaactctctaagcgtgccccggcctcccacgtcagaggacagtttacttcaacaggcgattgatgacatctatgcctgcttaggagaggaatcttcaggacatgccccaccaatgtcatgtcctcctgctcctagaaccacaccaggacctgtcatgggaccagtgctgacaggcagttctcacggtgcccaaaaccctgagagttcatgtaacagctctgaggtgtttacatgttcagataattctatgcttagtatgtatagtgatatgtag,1.14285714285714,1.13333333333333,0.857142857142857,0.866666666666667,1.33333333333333,1.42222222222222,0.266666666666667,0.977777777777778,3.08571428571429,0.545454545454545,1.2,0.909090909090909,1.28571428571429,0.964285714285714,1,0.75,1.40425531914894,1.24137931034483,0.595744680851064,0.758620689655172,1.63934426229508,0.983606557377049,0.19672131147541,1.18032786885246,0.342857142857143,0.685714285714286,0.514285714285714,0.171428571428571,0.872727272727273,0.436363636363636,1.63636363636364,1.09090909090909,1.11764705882353,1.08333333333333,0.882352941176471,0.916666666666667,1.12,2.24,0.16,0.48,1.75,1,0.5,0.75,1,0.2,2.6,0.2,0,0.476190476190476,3,1.52380952380952,1.54545454545455,1.09090909090909,0.272727272727273,1.63636363636364,0,0.823529411764706,1,1.17647058823529,1.2,0.210526315789474,0.763636363636364,1.78947368421053
Cricetid gammaherpesvirus 2,Duplodnaviria,RHVP,vertebrates,NC_015049,YP_004207887_55,atggggtctaattacaatctttacagtttgacaggatcaagccaaacaactcacaaaactgaatctaataagccatctgggcccagaccattaagtaaagttccaactgagttagcagcttccagcttaccagaacaagagtctcctgcaggtgctacatcaaatggtgtgtctttggctgcaggtactccctcggacgtctctccaagtaaaggcaatccagcagacccaacccataatggcaggtctcccaccgatgaccagcaaaaggacactggctactcattttcttcacaaaacagtccagggggccttataccatccaatatccgagctaatgatgcagtgcccacaagttcttctaaaaaaaacacccaaaatgactctggccccacggagtccctgacaaatgaggcaccaaatacaaaggcacaaaaagagctacctccaaccacagagccacacccccaaaataattcattggccaagctccaatcaccacaaactcctcccaccacagaaacacacccaactgaggggacgtccaaagaaatccccgcccccacagaaacccacacagagcagcccccaacacatacaccccccgcccaagacaagtcagccgagggctctgtccccactgaggcttcccccaaagaaggttcttccacagaagctcaaccagagcagaccctcggccccacagaagttacccccacaaatgctaaaccagaagaggttcctgcgcccacagatgccccctctaaagaaaattctaatacagaagctcaaccagaacagacctccatccccacagaacttgcccccacccaagacaagccagcagagggttctgcccccactgaggcttcccccaaagaaggttcttccacagaagctcaaccagaacagacctccatccccacagaagttgcccccacagaagctaaaccagaagaggtccctgtccccacagaaactgcttctacagaaaattctcccacacaaacccaggcagagcagactcccatccccacagaagtcccccctaaagaaagttctcctacagagaccaacccagaacaaacccccacagcagaaacacagccagaggatattcctgtccccacagggtcgcccctcactaagaccccaccagagcagagccccacaacagagacaacaccaaagcagagtcctacccccacagaacccacatctaaagaaaattctcccaccacagagaccacgtcagtaaaaactcaaccatctacaaccaagcctaatcccaccacttctccaatatcccccaaaattaatgacattcctgaagagcctatgcccccaaacgttgatactttatacctgtcttggcttagaccaaccctttcaattatatgcataacaattttggcatcactggtgaatataatgtattgtagctgtgttcaataa,1.28,0.32,0.72,1.68,2,1.07692307692308,0.153846153846154,0.769230769230769,3,0.406779661016949,1.5,0.711864406779661,1,1,1,1,1.28571428571429,1.33333333333333,0.714285714285714,0.666666666666667,1.48148148148148,1.92592592592593,0,0.592592592592593,1.5,0,0,0,0.3,0.9,0.9,1.5,1.12,1.23076923076923,0.88,0.769230769230769,1.375,1,0.125,1.5,0.210526315789474,1.47368421052632,1.05263157894737,1.26315789473684,0.25,1.5,0.75,1.5,3,1.6,0,0.4,1.01694915254237,1.11864406779661,0.203389830508475,2.54237288135593,0,0.666666666666667,1,1.33333333333333,1.2,0,1.2,2
Cricetid gammaherpesvirus 2,Duplodnaviria,RHVP,vertebrates,NC_015049,YP_004207888_56,atggcttccaaaagaactaaggagccctcctacaatgaacttcttgcccaaatgcagaaacttcaattggagaacaaggccttaaggaaaaaggtgggaaatagctcttctggtggagagactgtaatttcccctgcaaagaaggaaagcatgatcctggctgcctgtagaagcttaagttccctggcctctacaaagattgagtcaaaggttagaactaaaactgcaaagatttttactgagcaagagttggttgatgccttgaaaggcgtgagacttagggtagatgtgtccatggaagagagcaatgactcattgtttactggaccagcaagcccgtctgtggagttgggagaagaaagaaggagaagggcgaggtcaaaatccagatcaagacaccaaagtccgcctaaatga,0.933333333333333,0.5,1.06666666666667,1.5,0.571428571428571,0,0,3.42857142857143,3.69230769230769,1.42857142857143,2.30769230769231,0.571428571428571,0,0.75,1,2.25,1.6,2,0.4,0,0.666666666666667,0.666666666666667,1.33333333333333,1.33333333333333,0,0,0,0,0,0,0.923076923076923,1.84615384615385,0.769230769230769,0.666666666666667,1.23076923076923,1.33333333333333,1.09090909090909,1.81818181818182,0.363636363636364,0.727272727272727,2.66666666666667,0.666666666666667,0,0.666666666666667,1,0,2,1,0,2,0,0,1.14285714285714,1.71428571428571,0,1.14285714285714,3,0,NA,2,0.923076923076923,0,2.30769230769231,2
Cricetid gammaherpesvirus 2,Duplodnaviria,RHVP,vertebrates,NC_015049,YP_004207889_57,atgaaggcgttggtaggagggctgcttgtatttgtgttgtgttttacatgctgtgtcaccacaaacacaacagtgggaaattcctcaccaggattctatgataaaaattgcaatgctgacacttttagcccctcctttaagagtgtttcaagtgtccttgcaattataaatgggtcagttgtgactgcagcatctgggatttacctaatgtatgtatgtttttccaggtttttaactactatgaccaagtaa,0.5,0.4,1.5,1.6,1.6,0.8,0,1.6,0,0.6,6,1.2,1,0,1,2,NA,NA,NA,NA,2,2,0,0,0,0,0,0,0.857142857142857,0,0.857142857142857,1.71428571428571,NA,1,NA,1,2.4,0,0.8,0.8,2,0,2,0,1.2,0.8,1.2,0.8,3,0.666666666666667,0,1.33333333333333,1.8,1.8,0,0.6,0,0.8,NA,1.2,0.857142857142857,0.285714285714286,1.71428571428571,1.71428571428571
Cricetid gammaherpesvirus 2,Duplodnaviria,RHVP,vertebrates,NC_015049,YP_004207890_58,atgtcgacctctttcatctgctacacttttaagcagaagacatttaaggaaagccccctatattggacagccaccaagaatggagcatcagtatctgttgatagtcgcctaaaattcagcaactgtgctgaaattaaggtgaacgcaacaggcggaacccaggttcccatgggactttggatcagtgcatcccatggattccccctcattctccacggagtgtgcacaaaccctgacatagtttgtcacactggcctaatagacccctcatacacgggtgaattatccattatcctggctaactcccgccatactgaatgcacggtggcaccagatgatctaacagtctttctgctcccctttggacatacaacaccagtaatttcagatgactgcaccgtactaaaacctcctgcatatcaggatgatgcaggatttgacctggtcctcgaaactaatgtcacaatagcccccaagactgtacacgagataacaagtgacatgtcctttctcaggggcattgaccatggaaaatactcccccatgttaattggaagatctggactggcgtgcaggggcattctcatataccccagcaaagtccaggacggcaaggcatctgtcaagataataaacctgacaaaagaagtggtcatcttgagagggggcactagattctgccagcttatttttgtgaagaagtcccacattccctccattattcacaccctaaaaactggacagggatccttcttagtcaaagcccccaatattagcttccttaaggttgcatgcccagatgaaacatgccccaactcgtccaaagtggacacatttgagttcctggccaattgcccagctgtaaaaggatttagttgcgcccctcctgccggggagcagtcatttcctgctcctgtgtgtaaaataagacacagtaaggggtttgggtcatctggtgactaa,0.909090909090909,1.2,1.09090909090909,0.8,1.84615384615385,0.769230769230769,0.307692307692308,1.07692307692308,3,0.8,1.5,1,1,0.5,1,1.5,0,1.2,2,0.8,0.727272727272727,2,0,1.27272727272727,0,1.5,0,0,1.44,1.44,1.44,0.72,1.4,1.125,0.6,0.875,1.68421052631579,1.26315789473684,0.210526315789474,0.842105263157895,2.08,0.96,0.64,0.32,0.869565217391304,1.21739130434783,1.21739130434783,0.695652173913043,3,1.33333333333333,0,0.666666666666667,1,1.8,0.4,1,0,1.53846153846154,1,0.461538461538462,0.72,0.777777777777778,0.24,1.22222222222222
Cricetid gammaherpesvirus 2,Duplodnaviria,RHVP,vertebrates,NC_015049,YP_004207891_59,atggctgggaaaatgaactgttgtgggatatggccctttggtaagggtaaaagatctggctatgccagggtatctgatacagaactgatgagcagggtggaaatagaagtaaatatggggttacctccaggggtaaccatgggagatgttttaagaaatgaccagaatggggcagttatgaagcagatctatgttctggcaaaccaggcaaatgaggtggccgagtacctgaataggttcaccttggcagaaatcccagaagaatgcatgagtgttgcaaagactcaaatagataagttaaagtccctgcagaaggttatatggaatacaatgatttctatggccgctggaaccataaccataaatgaagacacccttaacaccttgttggataggagagccgaagacagtcttgtccttatggaaatggagaagttggccaccctagtcaaaatggatgaaactgccacctgggcagctgatattgccaacatagtttcaacccaacccagttcagtggcgacgcaaaaaataccacaatgcttagaaccacgtgtggagatttgtgagtaa,0.727272727272727,0.727272727272727,1.27272727272727,1.27272727272727,0.571428571428571,2.57142857142857,0.285714285714286,0.571428571428571,2.25,0.6,3,1.8,1.84615384615385,0.461538461538462,1,0.692307692307692,1,NA,1,NA,2.28571428571429,1.14285714285714,0,0.571428571428571,0,0,0,0.75,0.375,0,1.5,1.125,1.375,0.666666666666667,0.625,1.33333333333333,1.41176470588235,1.64705882352941,0.235294117647059,0.705882352941177,0.8,0.4,2,0.8,0.8,0.533333333333333,1.06666666666667,1.6,3,0.666666666666667,0,1.33333333333333,1.2,0.6,0,1.8,0,0.8,1,1.2,1.5,1,1.5,1
Cricetid gammaherpesvirus 2,Duplodnaviria,RHVP,vertebrates,NC_015049,YP_004207892_60,atggaacaaaccaatgtaacctgcctatgctctacaactggggatgcaattgaggcaataacttctatactcttaaaaatgaatgtagaaaatgttcaattccacagccttctccacaactgtttttgctttgaccagctaacagaaaaggtgaccctgtctcttgttctccccacaagaaggcccggcatgggaaaaaaatatgctcagatctttgagctcactcttccaaagcatctggcgatgtcatatctaaagtttggtcacccactatctggaccagatatattgcaatatatcaacaaatcacaaagcaggataacctttaataaacttcttgatattataatttctctagaaggcaaacaaaggagggagaatgcctccttcagggaagttctgtgctggcatctagcaaaatttacctctagcctgagaagactgctgcgcccatattcatctccccaagcactcatagccacatttggccaggatgatgtctcatttactttagtggcaggatgttactttttttcagaccacatctgctccttggacaccctgtctcagttggctgggctattttgccaaacaagaggacagtccaccatcgatctaacttcctttaaggacattggaatcatgtactcatcatgtagccatttatcaaaagtgactgaattctcatcctatgtaactaaaaaactggcaattgatagcagtgagatgatgattcttgatgacaccatcaataatctaaggagagaattggccctgtcccataaagatattgtgcaatttatatatctatcattccataaatgtctaaatagaagcatctttgaagactatacaatcagcacgttgccaactggaataaactcacacaattccccgatgcttggcacagcattgtctggagattttacaaacaccatgagatcttactacagcaaggaaatgtacctgacaaaccacgtccaagttaaaaaactcatcattccaggcaccagtgtgtccagttatgacctttattcaacaaaaatgatcttttggggaggccaaagcaacaacatcacagtcctgctacagcaaatcagtgaagagggggcgttcgccattttagagcaaggtctcaagggactcttaaagcttgctgcaatccccaagacatgcacagataaccccaaaaacatcatgttcagccaagaggccgtgggatgctgtccagtatacagatgtgaatatgatgggaaaaatttttttattgtggccaactctgatactatagaagatcactggaacagaaccatagcactgcccctccctgatgttctcaagaccctaacagaccaacagattacatctctattatcatatgaggagagctttaaactgaatcccaccctagcagaccaattaatgatttccagacatgagtacataaatccaagccttcctatatacaatataattttagattttgacctacctgtagatagaccaggaagatccctagaggatctttatatcttatgcttaaaaattagagaaaatcttatagaagtcctccaaaaaatatgcactgatgtctgccatgaccatcctgtatactttttcaagtctgcctgtgaaactcttcccgaagacattttttgctgctgtgctaaaaaaataggtctaagaattataacccctctgcccaccaatcatataataattgggtcagaacccttaatatcattagcaaatattttaagtaggcttttaaaactagacacagagctgctagatacctttccatccctaaaaaccacagaatgcccatttgatactggaatatatcacagaggaagatgcatccgcctaccacatacctgtaagatatcttccactggatacccaacgagacaattaaggctcttggtatgtcacccggccagccgtgacaaggcgtcttatgtgtcagccgcgctaaaattgtcctccctgctgtaccatagcaggccaggctcaatccaggaagattacaatgccatcttatctattacagatgacagtgaaaactttctagatgtcaaaacccagaaggccctcccagagagatgcactcaagtatgtcaatatattgaaaccaaactaggatgcacaatattgcattgggttgaagcaaccctgtggccccacctttatgactgtctctcaaaatatcttccatgttctaaattttcacagctaagggctgtgacattttgtgaagcatcagctaatatggtgcaactcaaaccacaaaattccactggatttttatgtctgactcataaccaccgcactaagacccagactgtgagattattcatctccctatgtatttttacacaggatactgttactggaaccctgatgagccaatgctttgccacaaaatgtaataataacaaaccagtatcccactgctctgttcatgtgcagatttag,1.39130434782609,0.8,0.608695652173913,1.2,1.3134328358209,1.37313432835821,0.119402985074627,1.19402985074627,3.45454545454545,1.18421052631579,1.81818181818182,0.473684210526316,1.078125,0.890625,1,1.03125,1.25714285714286,0.923076923076923,0.742857142857143,1.07692307692308,2,1.22222222222222,0.222222222222222,0.555555555555556,0,0.545454545454545,0,0.181818181818182,1.54285714285714,0.857142857142857,1.14285714285714,0.914285714285714,1.27777777777778,0.780487804878049,0.722222222222222,1.21951219512195,1.48571428571429,1.37142857142857,0.457142857142857,0.685714285714286,2.125,0.875,0.625,0.375,1.02857142857143,0.685714285714286,1.37142857142857,0.914285714285714,0,0.827586206896552,3,1.17241379310345,1.57894736842105,1.34210526315789,0,1.42105263157895,0,1.05555555555556,1,0.944444444444444,1.02857142857143,0.421052631578947,0.514285714285714,1.57894736842105
Cricetid gammaherpesvirus 2,Duplodnaviria,RHVP,vertebrates,NC_015049,YP_004207893_61,atggtctgtgacatcgaaacaccacctccgcctccctactctccagtctctccgcctaccccggtggcacaggacccctcagacgaggaccgtcagccgcggagaaggaggatccgcctcaggtcgccaatatctcacaactcccctctacttcgggcatactctcccgacaaggcgccaagctttaaacggcgacccctagtggcatcagaaagattgcagtcccgccacgcctatcaacggcggtttatccgaagagacccacagcacacacagggtcgcccgcacccttactcgcgcccaggccgtcgctggcagatcagacaagaggtccttcggagacatgaagtatctaagggtcctctgatagattcctcgaagattcctacccccgataccagagatgactccattcggacgcccgccctcgaaaggtttcgccagactctctacaccaatagaaccacaaatcacattatcggagtagccaggaaaaacatggcaattaaagacaagactctgccatatgacgaggttaaggccgcttacccaaccctaagcaaatttttatccagtgatgagaattatgtgcactggaaaaccatgagggtgggaactgtgctaaatggggggcttagggttcaggtacatgccctggacgaagtactcgcatggtgtaagatctgtttactagagacaggggaactcccctcagacattctactggacaccagcgaaatgttgtgtaatgccctgataggcaatttggtgcatgcagtgcaatgtacagaagggggcactgtggtggaaagctccctgaaatttgcctttgaaaatctagttcccaggggacaatatatcaaggctctactaacccttaagagagtctatagttcagaaccattaatgctgttggcaaaatatgctgtgttggtgcccactttcagaacacagcaagtcagggaacccctgtattctgaaattaggaactgcatgacaagttactgtcctggagactgctttgctttactgaaaacagggattgagaagcatgtatgtgataaccaatgcagtgcatcctgcaaggtgctgcttccagctattattgggccccaggataaaacaagtggcatattttttgtgtgtaaataa,1,0.727272727272727,1,1.27272727272727,1.5,1.5,0.166666666666667,0.833333333333333,1.5,0.827586206896552,1.66666666666667,1.03448275862069,0.6,1.05,1,1.35,0.75,1.2,1.25,0.8,1.17647058823529,1.29411764705882,0.588235294117647,0.941176470588235,0.333333333333333,1,1.16666666666667,0.333333333333333,1.42105263157895,0.789473684210526,1.57894736842105,0.789473684210526,1.36842105263158,1.36842105263158,0.631578947368421,0.631578947368421,1.52380952380952,1.33333333333333,0.19047619047619,0.952380952380952,1,1,1.5,0.5,0.769230769230769,0.769230769230769,2,0.461538461538462,3,0.923076923076923,0,1.07692307692308,0.827586206896552,1.44827586206897,0.620689655172414,1.24137931034483,0,0.666666666666667,1,1.33333333333333,0.631578947368421,0.2,0.789473684210526,1.8
Cricetid gammaherpesvirus 2,Duplodnaviria,RHVP,vertebrates,NC_015049,YP_004207894_62,atggcagtactttgcaataaaatgctagcattcctgcttggaacagttgctgcatgtccatatgtctggtgctttatttttagatccttatacatgggcctggtgtgtggggttgactgttggatctatgcatgggccattctattgtgtcatattattattttgggtatctcatgtatcaagtataaaaaaactcttttcccctggatggagcttacaatgtatggatacttgctcatactgattggcttttttgtgtttcagttttttagccttgcattgagtataactttgcctatttttttcttagtaaacttatgcatgttaagcatttggaccccaatttgttttaatgttgcgtatatggctgggacacaatatggaagatgttttgaggtggggttctttggactctttatcagctattatttatttattcaatatgggcttcataacactactgcattttggataccaattacactgtgtcatatcatgggcccatatgtggttgactggtttaaaaaaacagaagcatttagagtgtgtctaataagcaagaggagcatttacttttttggaaagaaaacatacaccttactaccttttggatccatgcttaaaattatcactacagagattattttgctaattttcatagctctcataattgcaatgggtctgcctacccttcaatggaaaactgcactgcttcaacatggccaagtaatgtattttgcctggctggctggaccattattgggaggaccaatatgtagcaaaaatggagtggcctttttgtacatgactatcatactggttatgtttgtgatcatgatagcctgccccttatctggggtgcttttggagagaatgtacctggtggtgctgttcctgctgaattcaacagttgggtgtgtcttggaaagggtgaggcttttgcttataaaggcactaaatggagtaaaaatgagctttgtgttgctatgtgtgtataacatctatatgactttgattatattaacaataagtcaataa,1.42857142857143,0.75,0.571428571428571,1.25,1.8,0.6,0,1.6,3.42857142857143,3,2.57142857142857,0.857142857142857,0.923076923076923,0.692307692307692,1,1.38461538461538,1.71428571428571,0,0.285714285714286,2,2.18181818181818,0.727272727272727,0,1.09090909090909,0,0,0,0,0.75,0.321428571428571,1.28571428571429,1.28571428571429,0.666666666666667,2,1.33333333333333,0,2.10526315789474,0.842105263157895,0.210526315789474,0.842105263157895,1.91304347826087,0.695652173913043,1.04347826086957,0.347826086956522,0.64,0.32,2.08,0.96,3,0.631578947368421,0,1.36842105263158,0.857142857142857,0.857142857142857,0,0.428571428571429,0,0.5,1,1.5,0.964285714285714,0.413793103448276,1.39285714285714,1.58620689655172
Cricetid gammaherpesvirus 2,Duplodnaviria,RHVP,vertebrates,NC_015049,YP_004207895_63,atgcagcgaacctttgaaataaacactgccactttggcagctgtggcaaaggtctataaccatgtaaaaggatctgcatgcaatgatggcgccattcaagtgtcaggctgtgctgacaacttaaatttgacttatgttggggcagttggacctggaggagtgctgaggctggacatactggatgctgtgagacaacagtatccgtgtgaactggagaccccacaaccatgccttttttcattcttaaacaggacatgtcttggcagggatttcagccatgcaggtcaaatgtttggccctcaactgaaaagcatgacactttctttctatactcgggaggaaacccagtatgtggaatctaaatttgtgtatgatgaaaccagcaagactgtccacacttctgccatatcaaacttgcacctcccagccatcagacaacttggatctgggcagctcgttggaacaatatttctgactacaaagaccacaatggccatgataaagtggttaaaggagtcagttgctaccatccaggaaaacataaaaatctgcttaaatgaagtgctgaacattatggttatctccacgcagaagggaagcaaaacctttgagtatgcacccagaaacttggttggagaaagcgtcccgcccaaaaagggaaagggtggcaccaaaatgtgtgattatggagaagttatggaagacctggaaacatgggtaaatggtcacagcttcataagagcattacatatctgcaagatacctggaatgtgcttacctgccttgaaatttcatagcagtggcatattagacgttgctggcgagaacatttctccagcttcaaagttttctttgttggtgtctgtggtgaagacagatcactctgaagaccagcctgtgcctaagcctgaatcggaggcaaaacctttaactcctggatcatctgaggaaggccccgttccacgtcactctcagcagcgaacacatgccaggcccttgagtgatttatcatctgatgagagttctgatgaggagtgctcgggcgtggcttccgcgaccccagcctgtcgcggtgcaagttctggatccaatcagcatcaaccaacgcccctgagtcccgttgctgaagaggcgagccagccccagaccccaaagaggtgcctgttgcagcaggatgttccttctgccccactgaagagaaagccccacagaccagctaaactagatattaaaaagccgaggctcaagtttaatccacttgtgtaa,0.785714285714286,1.2,1.21428571428571,0.8,1.14285714285714,1.42857142857143,0.285714285714286,1.14285714285714,2.11764705882353,1.2,2.11764705882353,0.75,1.5,0.833333333333333,1,0.666666666666667,0.666666666666667,1,1.33333333333333,1,1.375,1,0.375,1.25,0.705882352941177,0.352941176470588,0.352941176470588,0.352941176470588,0.157894736842105,0.473684210526316,1.73684210526316,0.789473684210526,1.15384615384615,0.625,0.846153846153846,1.375,1.24137931034483,1.24137931034483,0.275862068965517,1.24137931034483,1.85714285714286,1.28571428571429,0.285714285714286,0.571428571428571,0.275862068965517,0.413793103448276,1.79310344827586,1.51724137931034,3,0,0,2,1.05,0.45,0.3,2.25,0,1.16666666666667,1,0.833333333333333,1.42105263157895,0.615384615384615,1.42105263157895,1.38461538461538
Cricetid gammaherpesvirus 2,Duplodnaviria,RHVP,vertebrates,NC_015049,YP_004207896_64,atggaaagaacttttgtggatgagtttctttatgtggtggatcacccggggtttctggccctcactgaagaaacatggaagaacaggtggtttccatatcagattccattggcagttgatgccaaggacgtgaccaaactaagtgaaacagacaaggaattttacaagtttttgtttatatttttgggattggctgaaaagcttgtaaattttaacatagatgaattgttggtgggaatacacagtcatgatgccaaacattactatgatgagcaagaggccatggaaaatatccatggtaaagtgtatgcaaatattctcaacctgttttttgagggagataaagctaagatgagacagtatgctcactttgtggttggcaacccaggattaaaggccaagctctcctggctacatgataaagtcagagaggcaactaccattgcagagaaggtgctggtctttcttcttatagagggaattttttttgtttcttcattttatagtattggactactgagggttagaggaatctgcaatggagtgtgtctggctaatgattatattagcagggatgaactacttcataccagagctgctgccctactttacaatacattggtggatcccgatcggaaaccacccgttcactggattcacaatctctttcgggaggcagtggacgtggagatacgatttattcgtgagagggggcggggggttacagcagtgaatattgaagacattataagcttcctaaaagcaactgcagacaggatgttgactcaaataaaacttcccatcctgtatggagaattggcaccttctgggtgtcccctggcatttaatgcctgtgtaaaaaatatcaacttctttgaaagggaaggaactgattactcatcaagcgtgactaatgacttatag,1,0.625,1,1.375,1.14285714285714,0.857142857142857,0,2,1.875,1.5,2.25,1.5,1,0.571428571428571,1,1.42857142857143,1,1,1,1,1.6,1.6,0.4,0.4,0.375,0,1.125,0.375,1.02857142857143,0.685714285714286,1.2,1.2,1.1304347826087,0.631578947368421,0.869565217391304,1.36842105263158,1.73913043478261,1.21739130434783,0,1.04347826086957,2.5,0.25,1,0.25,0.333333333333333,0.333333333333333,2.33333333333333,1,0,0.666666666666667,3,1.33333333333333,1.5,0.5,0,1,0,0.5,1,1.5,0.342857142857143,0.181818181818182,1.54285714285714,1.81818181818182
Cricetid gammaherpesvirus 2,Duplodnaviria,RHVP,vertebrates,NC_015049,YP_004207897_65,atggcaaccaacaactccgccatgcaggctgttatacgggagatgaaagtcaatgccggatggagtgccagcgccaactcgatcggtggccggcttctgcatctaagcatgcaagaaaattgtgtccagaccatagatgagtatcgtgatgtcttcaaagatgtgctggagatggaattgagcgcctttctggaaaaaaacaaggaagggctgcaggagttgctgcaacagttcatgcggaatggatatgacaacctggtggggcgtggctacctctcagctaagaggttttatgacacctatgtgctaaggggctctgggaaagtggagagcgtgccctttctgttcctaagagtctcatgcttttgtgcttaccagtgtttgcaaaatccttgcctggcagataccgtcaaggctcttaactcctgggtgatagatgaggtctctttggtaaaatatttttttagaatggtatcaaccatgacagtgtgctgtgccacgcccattttaaggtcagctggtgttcaaggtgccaatctttccagctgttttatcattgaccgtgacatgacaactgaaagggaaacagtgcaggctgtctgttcagagctaaccagcttgttggaatgcaagtctggggttggtataaattgtgctatgttctcacatggtgaaaagagcataaacagcttgcttcagatggttaatggcataactgcctactttaatgattctaatgtcagaccagtgagcactgcgctgtatattgagatatggcatcaccagatcatgtcattcttgacagcaaaactgccagaaaatcctgaaaggtgtgctaatgtgttccaaggtgtgagtgtgtgtgatctgttctttaaaatgtacaagaataatcccgatggggagtggtttttgtttgaccctggccagtttccaggcttgactggactgtatggcaagacctttgaggaggcttacatggcgctggtgagagatggaaaatttaaggcgtcagtgcccctgaagagtgtgatgtttgctctagtgtcctcaattgtaaaaacaggtggaccttatgttatgagcaaagatgccatgaacagacatcactggcacgagacccagggacaagccattgttgcagccaatctctgcactgaagtcatccaggctccaggagatgacatctctacgtgtaacctggccagtatctcacttccagagtgtatgcatatgcatggaaatggacactctgaaggcggcctgagctgtggacaaaccacagacaagactttctgctactcttttctggaaaaggctgtggaaaccgcagtgtttgtcattaatgcttgtattgtggggggaatggcaccaactgaaaaggtggcaagggggcagttgttcaggtccatgggaattggagtacagggcctagctgatgtttttgccatgtgtgggctggagtactttgatgaaaagagtgaggaaattgattccaggattatggagtctatgtatttcactgcagtgaaaactagtatgaacatagtgaaacttggcgggggagaaccacataagaggtgggaaaagagtaaactcagcaaagggcagtttcattggcaggagttcactgactgtaggccaaaggtgcattctcttagccagtggagtgctttgagcacagattgtgccatgtatgggacatacaacgctcagttcatagccctcatgccaacagctgggactagccaactaactgggtatgcagactcttgctacccattttttggtaacatggctactaaggtgtccaacaaggaggaaattatgcgtcccaacaggatgtttatagatagcattgtgccagatgatctggcagcaataagacaggtgggtggggacttagcaaagctcccacctgcacttgctgacaaatataggctttttaagtctgcctttgagtacagtccagaagactacatcagaagagcaagggtcagggccccatttgtagatcagagccagtctatgacactgtttttgaatgaaaaggaggcatccaaagcttcctatgttaaagatttactcatgtatgcacaggaaattgggctaaagacactgatgtattattgcagaatcaaaaaagagaccatctgctgtgatttctcttgcgtgccagggcccgctgccacaccctctccagtgtcaagttttatgcctgaatctgacggggatggggaggggcagtctggacatgtgtcaataaaaagggacagggagtgtgatgaggaacagtgttgctctgcctgccagtgctga,0.952380952380952,0.903225806451613,1.04761904761905,1.09677419354839,1.26315789473684,1.15789473684211,0.210526315789474,1.36842105263158,1.6875,1.54545454545455,3,0.909090909090909,1.05882352941176,0.794117647058823,1,1.14705882352941,0.5,0.571428571428571,1.5,1.42857142857143,2.20689655172414,0.96551724137931,0,0.827586206896552,0,0,0.5625,0.75,0.8,0.6,2.1,0.9,1.02040816326531,0.756756756756757,0.979591836734694,1.24324324324324,1.08474576271186,1.28813559322034,0.203389830508475,1.42372881355932,1.11111111111111,0.814814814814815,1.40740740740741,0.666666666666667,0.377358490566038,0.830188679245283,2.18867924528302,0.60377358490566,0,0.814814814814815,0,1.18518518518519,1.09090909090909,0.818181818181818,0.0909090909090909,1.54545454545455,3,0.8125,1,1.1875,0.3,0.634146341463415,1.3,1.36585365853659
Cricetid gammaherpesvirus 2,Duplodnaviria,RHVP,vertebrates,NC_015049,YP_004207898_66,atgaataatctgcaaagagtggcaaatgggctccttggccaacttccagatcttgggagtgctgtatctttaacagatggaaaaaagtttgctcttggtattagggccgagctgggtaaatatgcttatgggttacatcaggctccagaattgctgtttgacgcgtttaggcgtggtgccaagagcttacgcgtttatgggaactatttagtacatgctggaacagtgtcttcctgggaagttgtgggaacgcccatgtttttgttcttggatggcaaaggttcaacaaatgtggacaggctgtttactcccatctctctggtaaagttggggaatcatccccaggacattgctccaggctcacacaagatggccaatatcttatatggaaatgaaagtggtttgtctgaaaccatacctaattttcaacagttaatggaaaccaggaagtttcacagtcatctaatctttgcagggcccatgttgaaaattacgcccagttcttttgttggcaaggtcagtacagtctccagaggggaagtggttgaggatgattcatactctgggcattgctcactcagactccctgctgaatttttcacagaccttggaaagcaaaatacatttaattattatggaatgctgccagccacacccagggcctatatctatgcctgcctctgctatttgcagcatcctggagaggagaccttcttggtacaagcctacttcaggaccctggtgtgtggaccggagctgctgtctcttgtaagagcccattttctcaggcatattattacctgccatgctaattttcctaatgaatttaatcttgatcatctaaagtttggatttatctgtaagcttggatactttcccgaggacgtggtggtgactagagagagtgtgggggtgcgtggaagtaatttgattgttgttaacattcccagattcactgttgatcctggaagttgggagccaattgtctag,0.615384615384615,0.25,1.38461538461538,1.75,1.64705882352941,1.17647058823529,0.470588235294118,0.705882352941177,2.25,0.272727272727273,2.625,2.18181818181818,0.214285714285714,1.07142857142857,1,1.71428571428571,1.11111111111111,0.333333333333333,0.888888888888889,1.66666666666667,1.05263157894737,1.68421052631579,0.210526315789474,1.05263157894737,0,0.375,0,0.75,0.307692307692308,0.769230769230769,1.38461538461538,1.23076923076923,1,0.833333333333333,1,1.16666666666667,0.421052631578947,1.68421052631579,0.210526315789474,1.68421052631579,1.6,0.533333333333333,1.2,0.666666666666667,0.769230769230769,0.461538461538462,1.69230769230769,1.07692307692308,0,0.461538461538462,3,1.53846153846154,1.09090909090909,0.545454545454545,0,1.90909090909091,0,1.33333333333333,1,0.666666666666667,0.923076923076923,0.454545454545455,1.38461538461538,1.54545454545455
Cricetid gammaherpesvirus 2,Duplodnaviria,RHVP,vertebrates,NC_015049,YP_004207899_67,atggatattaaaaaattaacagcagatatccaaactgcaaaaacagaactaaacaagctaaaagtattgatccactctaatactgcccagctggacattaattccttttcagaaattaccctaagcaactttttaaatagtttaaagggcctaaatcatgagctgtttcaattcataagagaacatgtggccttttttgttctgttttcatcttcattcgatatcacagaacagctgaccgtcccagaggccagccacaccatattatccttattggacctcttgcaggtgacgggggaggagtttcgcgcatgcgcaccgctagaactctccaatggctatatcttagccgcgtgcagggactttattttaaatgtaaatacatcaaaaatcagcagcttaattcctccgcttccggaggcgtgtctctgtttcccgtgcatggagcagttatatcacctggtatgtaatactgtgatagagaccctgccagaaacggagatcgccctgcccgatccaaggaacgatatattttttcaccagtgggtggcagcagcgtacgcaaccagcaccaaagcatccactaagcccgccatttcattgggagccctagcatcggactttattagatcaaaggggccattcttccctgcctatgagggggaggaaagtattcttcctcttagaacagagagaactactgaaatatatcttcactacaacggtgcccatgccacccagaaaggcttgccgatccttggattttctgacctggaactcctaaccattccagaaaatcaccacctgatgtatgacttcatttttgaaggggtttttaataacattacctacaactgcaccgcgtctgtcatggatgaatttttaaaccaagcaacaaaccttatttcttccatcaaaaagcaaatcatttatatagcaagtgacaagataatccccctagcaaaaataatcaacatcaaagaggtattattgttagcaggcctttcaaaggacagagtagaggggtattcagcactattgcaatcacttaagagtaaaaagacatttcctcccaaccaaccaataagcaattgcataacaaatctgactcacctcataaatttttcactggattttttcacagtgatgatgcacgtcagccccaccagcatttcccatgatttaattcagtcggatatgagaaggattgacgccctctcaacattaaaaaataatctggaatatgactcacaactcatcatcacttcaaaaacatttcatttcctattgccagaaattccccagaaatatctttcaagtaccctacaaaacataacatcacccacccttcagacgctagtccattcgtggataaacaggcagtgggggtcatccataaacatttccccgccccaaacaactgtagaagcaattaaaagccaggacacaatttctgaaaatgagataattttatactgtagagacctttcacctggaatcctgacatatgatccaacaatcatcagacaccacctgtttcccaaaaccttcataacctatgtagcaaagcccctcctcatggatatactatcagaaaaaacctccagaaacatagccctatttcacctcaggtggatgcttgtatttgcaaccacagacaccccaggattacagatattcaggaggcccctttttatgctctatttggagatgacagacatcattcaaggagagggcagcattcaaagcatccccaacattttagaccacataaaagatatattcaaggtgattcatcccaaggagcaaaatcaacccatcccaccagccatgataactaccatgtttaatcttaaccatggcagtacattcatatcagccaatgacaccttaaactatggcatatcaatgttagaagcattactgaagaaactgattcccctggcaaaaatatgctcactattatgtgaaagaacatatgattatgactatgatctcgaagtccttcacataaacacagaaggaaccccagacaaactatccatacatgcacagaccctgttacacctggctgacaacctccaggatcaaatatcaaccatcatatccaaaacccaatccctcagttttgacctaagcagtgagtatgaaaatctaataaactgcatagacataataaaaaaatgtaatacaagcaagctgaacataataatagatatggccccgtggtccaaacttgtatctgggtacatagtagtattttcaaaaatatatcaaatgctgagcatatcttccaaaagctgcttcagtgtcatcagatcaaacatgcactttgctttaaacgaacacatactctctccacaaattttatccaagatttccaacagcccaaatagctcccaaaatcttagggagataatagaatccaccctgcagcaaattcatgatactcccaaacctttgcaatccagacccatgacaaccagtgacctggccctaataatggaaacctttcctgatatgatgcaggaaaacagcaagcagattcaggaacttttaaaccaaaagcaggaaaaacaatatacagactccattgatagtaaaagcatcaatattaactgggacatttttacacaaacaacctataaagccactgcccccgcatgcgcatttagcattgttacattgaatgacatcatagcccttttatcatcaaatggcactcccggccaaaattaa,1.29166666666667,1,0.708333333333333,1,1.52112676056338,1.57746478873239,0.169014084507042,0.732394366197183,3.42857142857143,1.34831460674157,2.28571428571429,0.741573033707865,1.29411764705882,0.705882352941177,1,1,1.11627906976744,1.25925925925926,0.883720930232558,0.740740740740741,1.19148936170213,1.61702127659574,0.595744680851064,0.595744680851064,0,0.285714285714286,0,0,1.00884955752212,0.79646017699115,1.2212389380531,1.00884955752212,1.19148936170213,1.13636363636364,0.808510638297872,0.863636363636364,1.87234042553191,1.61702127659574,0.340425531914894,0.170212765957447,1.04347826086957,1.56521739130435,1.21739130434783,0.173913043478261,1.69230769230769,0.923076923076923,0.923076923076923,0.461538461538462,3,0.4,0,1.6,1.75280898876405,1.34831460674157,0.202247191011236,0.606741573033708,0,1.2,1,0.8,1.38053097345133,0.604651162790698,0.584070796460177,1.3953488372093
Cricetid gammaherpesvirus 2,Duplodnaviria,RHVP,vertebrates,NC_015049,YP_004207900_68,atggcactcccggccaaaattaaaaacctgcacatcgagggaacggcctcaaccaaccaaggacacccaaaatttggctgtaacgcaggcgcccaatgtctcagcaattctgttgtttacctgatgtctagtttttttaatcaggaaaccccagttacagacacagacagcctggacaccgtcctgaggtatggggccagactggacacagagatcagaaacactgggcttctggcaccaggacagtatgcccagtttgatgtaattccaagctacatacaaacaaaaaagtgggcggggtttctatacaaatcaagcgaagtttttggcctcttagcaactccctcggcaattcaggatacttgtatcgccaccatgttatctatcttatctaacaactattccaacaccacacagtaccttctatacatctgccagagtaagtctggcgccattataattaagccggacaagttttacatttttgacccgcactgcctatgtgggctcccagaaagccccgcccacgtctccagcgcctccgatgctaaatccattctccaatacatcgggcacagtgattatgaatacactgcgtgttttttatattttgttccaggtcacatcatgccagaaaagtacattatggaccactataaggtaatttccttcgagccttcatccgggtctaagataatactggaagattacgcccacctggcgctatccgccactcctccacacctgcacgatggccaatctacacccacgcggggcacctcacttcgaaaagctaaaaacatgaccatccttttaaatcatctggcagtggccggatctaaaaggcccaggtgccagacctccatggcaatgtttggagagagtccttctcccacatccaaaaaaagatttatcacaccgcccgcgacatccagtctcagcagtgaccaaagtgacataaccatctacagtgaccccgatacacccaaatcagatagctccaggggaacaaccatagacacccaagatgaatatgtggaaatcatagaggagaatgatgacatgtctccccaatccccccatccacaacaacagcaatacaccccaacctttgacaccaccacaatagaaacccttataaattccctcactgtcccaaaccacacttcaaccaaccccagcatatactgtgataagaccaagtccaactacaacattgccataattctatctagacttaattgtctcattcagcacctcattgagacaggcatgagtaccacatcacaaccagatccaaaccctggaatcacacaactgctaaatttctttatattgtgtctagaaaagttgtcaatgccaacaaaagatgcccatatcatcatggccaccaatctcgaggtaccaaaaattttgaatgtgataaaacatgacctaatagatgataaaaacatttctgaccatctccaggccaaattatccacctgcctgcctaacatttacaaaataatgtaccagaatatgacaaccctcatcaaacagtgtatgagcataaaggcaaccattgaaacaaaaaaacagatcaaagatgtctcacaagtagctgccattctaagtaaggagctgccctcagatttttacatggtgtgcacaaaagaagacttaacaaacatccaaaagcacataaatgatgtaaaacttgccatgcaacaacagcatgtaaacaccatggaaaatacatctgcattaaaagccctgctttctgccataaccaatatggacccgcccccaccttcaataatagagggcatcctagacattccagaagctgcaaaagagattgaggaatccctaataacagtatgcgaaaacctcaaaacatcaattataggaacccttcagagtttttcccaagaccatgctgggaccataacagcatcaactgaacctccaaatgtggccccatacataactcatatccaaaaccttatagagaccattagcaacatccaaacaaagcttgggatacagggaccctccattcactctgcacagcagaccctcttacaactaggatatgaactttcagaaatcctcaatagtccatgggacctgggaaaaggcgcctcccaaatggacatgccaattttcaacaaagtaaaagacatcttaaaacaaaaacataaactaaaatcccaagaggccacagctaatggaatcctggcagacattgaaggaatcctagcctccttcaccgccgccccagactccacaggaccaagcatactatcaaccctagatacctacatcaaaaatgctggcgccatcataacaccatcaacaacagagagatttaaaaacatccaagaagctgtctctaatgttacaacatccacacagttcatccactccctattatcacagctctcccaggcaaccgtggtcacagttgttccacaactgcttcaaatttccaaaacagttcagggaaacaatgccctaaaaactctatcaactgatctggccctggcagcaaataccctgatatcagaaacaatcagcagtcttcatgtcaagagccacagcctattgaccagtggctatttttcaaacctgctgtcactcttaagcattgcagaatttgaaggaaaagatgacctagttaagagcatggaatccatcttatccctacaactggaggatttaagtaatgaggatctaccaaccatagaaaaggcaatgggatcctatgcctacataaaatccctcctaaaaaagagcaaattagataagctaattaaatcaaaactattgctaatcatctcttcagaattaaaagacctccaaaaaatcaaggaaaccatagagtttgaggaatggaaaaccaaagtagcacttttcactccccaaaacctgaatgaattggcagattttgttgacagtgccccaacaaaaaaaatcaaggcatatgccgccagacaacttaaacaaattaaggattctctgctcagcgaacaagccatggatacctcttccccgcccataatacagccccaggaaacaaaatctgaatctggagctaaggcctttaaaaaggtaaaaactgcatttagagatttggtcttttctgaaataagccaaaatgactggttgtccatcatggagcaaaccagaaatccaaacagtgagttatatcacacagctgggaaggagctgcttagccttctacaaaaccttcaggcatacatcagcgaagtggtttccaaaaaactagcagccatgcttccctttggcactccttacagcctgcccaacctgtcatgggtcccagactatgagtccaatgtacactttgtgctgctgtcatcaacctttccaaagatatcacaagagatatcattaatagataaaaaattaatattgctaaaacagctgtcccaggcagtggatcttacccagggcacagcaggaacctacatagaaccacaatggctcttatatgactcaatatacaaagaactggaatcaacatccactgaccacataataagcaccaaatccaaagtgtctgactttatatctttcattactctagatgacagacccatattgaccaaatctgacattccctcagttaccaaaaccaccaagctcttatcggatgaacaactaggacagataaggcagctggaatccccattttcagactccctaatagccaatgaaaaaaggtttataggaatacatgagacagaatttaccatcttacaggactggctcaattcagtaatcaaaacaaaacaacagtccatagaagaatacaacacaaaactgttaaaggctgtacagtccctcctccaccatgccccgccctttatttccagcaccccaccaaccccgccagtaatccaatatcttcaatccttaacaaggaacaagcatatcatggaaacattgccctatgcgacggccctacagtgcacaaaatggctttatggaacaacttctacaatgctaacattgtgccactccagcgataaagaggaattaaccaatctgttatctgaaattcaacagaaaataaacactttcacctctgcagtcaatctggaagcggcagctaccaacggagctgatacttcatccttagaaacagccataaaaacattagatggctctagactgacgcatgggaaagacacactctccagttggaaaaccaaactatcagaaatcaggaagaccatagaaatcacctcaaaggttgcatctctgtcacaacttataaaatccactcacttgaagacccttacagaattactaccaagtgaacttcaatctcacctggaaaccataaggaaaacagcaatagaactaaagagtatcaatgcttcttcccaaacaatggcagagagaattcttaactttgtaacctacaaacatgagtttttagcagcatatgaatcttcccaatcagccatattttccaacttcccattaaccagataccttccaatcagaggtccccagggagtcacctacacaatcactttccaaccacttaaaaggctccagcacctacaaacaaggcccaaggctcccagaaattctcaatggatagaagttacaacagcccccatcgaccctgttggtacaacattagttcctgttatgcctgccacacaatcatctcccccaatccattacaaagtattgttttcatgttttttggacgccgaggctcctcagctacttacaagggatgttttctccagcccccctcataatgctctcagcattgtgaggcttggaagggttggactagatgccaccatcctctttacccagcagtggtcagacatttcaaactcaataagaaatttattgcaaatgtacacagccacagatatccacccagcaacaataaaacaaaaagaatttacatcaatgtccatactatcccacctcacagcacttagtattccacatgctacaaaataccaccacagtggcacttctttgccaaacattgatgggataaccatccacctaaaccacatgcaatatacccaactacttatcacaatgtggcccaattttataaagtctcttctacatagcagctccttttcagatgcattatttatcacacagaccctaagcccatggctgttacaaaaaatcccaaaatttacactggctgcatttctcaacaatctccagcacaggcaacatgtgctcccagacgcccatgggataatttgctttgtagatgaactctccacaactgatctatcaaagacactgtggaaggctagcccattttatgaatttaccaaaaatgaacaaagatcaagaatacacctccttctatgggcagtattaacaatagaccatattattttgtcacagttgtggcagagcctcaaaccccaaacaggcattggcatatacaactacatagacttcatagcccacttaataaactgcaccaccgaccctggacccatagaggtgtttcattattccactacagaccacctaccaccaagctatgaatatggagaccctaccaaaaatggatacaaggtactgggacaggaaagaaccataaaacaggcgcctcaactcaccagctttgaagctgttgttgggtgtctaatcttaaaaataaaatttcaactgttttctacaccagttaccccctttgcaaagaccaaaaggggcaatctgcatttattatcccatatgctggatggaagtggtatgaatgatccatattcttcatttctcttatcacctagaacaccatacaccaccaccaaccttctaaaaagtatgtgctgtgaggatgaacttcaaatttttgaaaggcaggtggactggttagaatccagcctgtactccttaccagaaaccaccaacacccacattctcatctcatccccagataaccaactaacatcttgtctcatggcacctgcatcaacatcaggcattatccaagaagctgtcgaatttactgtgtctccagtatccgaccaatggccaatggatataataacatctctggaatggacatcagaggccagacatgcctcaaatttattcattgaaactacagccaagcaccaagcatcatgtggcactgatgtctttgcatcatttccaccatttaaacagaactggccagaagactccgcatcgccccgaccagaatccagtgaacaaacaagcagcatcaagccacataaaggcaccccgccccctgacccactgaccatagaatcccccaaccaccatcacaaactacccacgcccccatatactgaccatgagtcacataaaacactaccctcgcccccctcacctcaagacccaacaaccctcaaactacaaacatatcctgatcaactggccagatcacaaatatatcccagcatcccagagggtaagccagaaacatatatcccgccatggaccaaaaataccaagccacctccaatcacaactctagataaggatctcacacccacagtgaacttaacaatcccaccaaagacccctacaaacatttcccatagacccctaaatatacctataaatggaaggcatgaagccacatctacaacaaccttgcccgaggaaagatcccccaaactttttaatcaagccagcacaattaaatttaacataccacccccaaacaatacccacggcgaaagaaagacaaaaactgccaaaaaactatatcctagaatcttaacaccagaacatgagacctctccagtttatcttcacaccttccagccaacccaaccaccatccaaaccaccttctatcaccccctatgcattgggagaagaaacacccgtaaaaataaaaaaaagaccatccaagggccaggtaagcccaccgcaatctgtaagcatcgttcctgcatctccacaccaagcaaccacgctgcattcctctacaaaagatgtttctcctaaacagctggaagatgattccagtgttcctcgcatcttcctttcaaagtctcccctggaccccgcgccccggtctcctccgccaggccttcggatccagccacagatatctgatccagacacccacggggtttttataccccacaaaagaccatccaaaggtccccttcccatcaccgtgccgcctgcatcccagcgcgcacccccaccccctccaccaccaacaaccatcgcccagcaacccccaccaaaaaatctctggacagttccatccataacacataagtatccaaccataaaatccatcgtggaagatccaacccttttagctagagatgtgcccatctcatccacccaccccccggctctaggtcgcccagccccagaacttgtgcaccaggcagaaataatcactgcaagcaaaaattctgttttagactttattgcctatttgcttaacaaaattaaagacaacagtgtgagacttgtacaaacaattgcaagattaaaagcactgtatctttaa,1.41317365269461,1.04081632653061,0.586826347305389,0.959183673469388,1.75409836065574,1.63934426229508,0.0983606557377049,0.508196721311475,3.21428571428571,0.977272727272727,1.92857142857143,0.613636363636364,1.24038461538462,1.02403846153846,1,0.735576923076923,1.15789473684211,1.125,0.842105263157895,0.875,1.91133004926108,1.18226600985222,0.275862068965517,0.630541871921182,0.214285714285714,0.321428571428571,0.321428571428571,0,1.29197080291971,0.941605839416058,1.18248175182482,1.02919708029197,1.41463414634146,0.991150442477876,0.585365853658537,1.00884955752212,1.48251748251748,1.62237762237762,0.223776223776224,0.671328671328671,1.69230769230769,1.23076923076923,0.717948717948718,0.358974358974359,1.09090909090909,0.590909090909091,0.954545454545455,1.36363636363636,3,1.02857142857143,0,0.971428571428571,1.40909090909091,1.70454545454545,0.0909090909090909,1.20454545454545,0,0.88,1,1.12,1.07299270072993,0.38961038961039,0.481751824817518,1.61038961038961
Cricetid gammaherpesvirus 2,Duplodnaviria,RHVP,vertebrates,NC_015049,YP_004207901_69,atgggattagatgatgctggagagttgccaaggccagtttatagcaaagaaaaaaaacaaagattgtataacatgttacagacacactttgggattgctcttaaagatgtagatactgtaactgagagggatatgatgtatgcagtggcagaaagattttttgatgaatatcttgaggctagagaaaatggagtccgcccgtggcagcataacatcaatgacatgaaaggaggaaaggaccctggaaatttggacgctggaaaagatgttggcttaataaatttagatggggatggttcgggtgatggaaataagtccttttcatttgatcctaactcctggaagtttgggtttcctggtagtagttctggaccgtttcagtttgcgtctggaaaacccagtggctcaattgaacccataaaggaccctggcagcagtatttccataattgaggatcctaaaccagggagcgagaggccagagtcttcccagcagaatgatttactcagccttcctgatgaaaagacaatagaaaacaaggaaagtggaaaacaaaaaaatggaaagaaaaaataa,1.26315789473684,0.727272727272727,0.736842105263158,1.27272727272727,2,0,0,2,2.57142857142857,1.26315789473684,2.57142857142857,1.57894736842105,1.33333333333333,0.333333333333333,1,1.33333333333333,0.571428571428571,1,1.42857142857143,1,1.14285714285714,0.571428571428571,0.571428571428571,1.71428571428571,0,0.857142857142857,0,0,0,0.5,0,1.5,1.14285714285714,0.444444444444444,0.857142857142857,1.55555555555556,1.14285714285714,0,0.571428571428571,2.28571428571429,2.18181818181818,0.545454545454545,0.727272727272727,0.545454545454545,1.33333333333333,0.666666666666667,0.666666666666667,1.33333333333333,3,0,0,2,0.631578947368421,1.26315789473684,0.315789473684211,0.947368421052632,0,NA,1,NA,2.5,0,1.5,2
Cricetid gammaherpesvirus 2,Duplodnaviria,RHVP,vertebrates,NC_015049,YP_004207902_70,atggagacacctatggaaccactgtgcagacttaagattggtgcccaggattatacccagttttgtttgtatggagctcaattgtgttatcagcatggatggcagaagttactcttgagttccctgccccttaaaaaggcagttacatttttgctggacattaatggagacataaaaaaaaagtgggcatgtaagcagattacctttgagtgtgccaaggccctgttacttaggtttgctatggtgctgtatagtgaagttttggaggctgacccgtgcgagctgcccaccttggcccagactgtttattacaagctggtggggatgtcttacatcaaggcagtggaactttatgccaacatgttatttgttggaattaaatttccccttattagagtctatgaggaacatcctcttagcatgccatttacaaaaaagagatattctgttgggttgttgagtgattctcacatgagtgtgataccaagtgtcaagcgagggatggaaaaattcactgtgtctcagacccctgaggatccggaggaaatagcatttgtatctgcactaaaggacagctgtaaagaacaaccatgtggaaatgttttttattacatgatgtgtaagctctgttctgagatgcttgttcagaagaggtgtggcatcatccctttgcaatttattgggaagcggtctgtgtatgacatagccttgaaggttacctgtattaatctgctgagttcagtgataagactgaaaattatatcacctaggttaaaacagatggctgctgctgggcacaagtataaaattgtgctgtgtatggaatgtggacattgcctgaacattggcaggggaaagtttttggctcctagtttttcacccaccagtgtattttattgcagagaccaaaaggaaaaacagtttactatctgtgcaaccactggcaggatatactgtgcatactgtggcagctcagacatttctttgtgtgacatgattggcatggcccatggcacggagccttttataagggtagtgtgtgcatcaaatgctgttgccatgcttaaggacacatcacaaaagttagatgtggttatgccatgtttgggggaaactagaagttgcacgatcaagagaagggtcacagttgcagaactgttgtatttaactgctaccccagaaagatttgtctgtggcaggtgtagcacacctcagcagtag,0.6875,0.666666666666667,1.3125,1.33333333333333,1.09090909090909,1.45454545454545,0.363636363636364,1.09090909090909,2.66666666666667,0.857142857142857,2.66666666666667,1.92857142857143,0.96,0.6,1,1.44,0.588235294117647,0.666666666666667,1.41176470588235,1.33333333333333,1.2,0.8,0.4,1.6,0.333333333333333,0,0.333333333333333,0,0.136363636363636,0.272727272727273,1.77272727272727,1.09090909090909,1.14285714285714,1.38461538461538,0.857142857142857,0.615384615384615,1.38461538461538,1.23076923076923,0,1.38461538461538,1.33333333333333,1.33333333333333,1.14285714285714,0.19047619047619,0.428571428571429,0.571428571428571,1.42857142857143,1.57142857142857,0,0.555555555555556,3,1.44444444444444,1.28571428571429,0.214285714285714,0,1.71428571428571,0,0.4,1,1.6,0.818181818181818,0.117647058823529,1.90909090909091,1.88235294117647
Cricetid gammaherpesvirus 2,Duplodnaviria,RHVP,vertebrates,NC_015049,YP_004207903_71,atgaacacgcataggaggcttgtggaagagctgtgctgtgttgtcagtacattcatctgtccccagggagttattccagacatagaaaaatgcacaataggagttcccctgatgtcaaaggggggtacccaggcattatgcactgtaaaattgcaacatggacagagttataatttggagtttgtgtataagttttggcaacatattttgcaggatttaaggtatccccttcaaccatgctttatcatttccaacaatggtctggcagtgaccctgaagtgttttttatgtgaaccaagggattctgcctataagtatggtaataaagttcctatctctggggatgtaaacctggacaagaactcatgcatcatccttcttgatgaggatttcttaaaatttaagtccagacatgtctttccaaaggagttaccaatctatcaatctatggttatttgcagaacctatctgacagagtacaggaaggccatacagtttgtgattgtcaaacctgccaataggaaaagggtgtctgccattttggactgtatcgccaggccggatgtgtcattgagtgaaccagcttctctgccagatagacctccctcacactttaaatttaagatccccaactctctgaagccattgatttggtcacttggggtttctctgctgtctgctgcaatcacttatttctacctcacacatggagacacctatggaaccactgtgcagacttaa,0.823529411764706,1.11111111111111,1.17647058823529,0.888888888888889,1.14285714285714,1.42857142857143,0.285714285714286,1.14285714285714,1.63636363636364,0,4.36363636363636,1,0.473684210526316,1.42105263157895,1,1.10526315789474,0.8,0.333333333333333,1.2,1.66666666666667,1.88235294117647,1.17647058823529,0.235294117647059,0.705882352941177,0,0,0,0,0,0.222222222222222,2.22222222222222,1.11111111111111,0.888888888888889,0.727272727272727,1.11111111111111,1.27272727272727,1.2,2,0,0.8,1.81818181818182,0,1.09090909090909,1.09090909090909,0.444444444444444,0.666666666666667,1.55555555555556,1.33333333333333,3,0.363636363636364,0,1.63636363636364,1.66666666666667,0.666666666666667,0,2.66666666666667,0,1.09090909090909,1,0.909090909090909,1.11111111111111,0.5,1.33333333333333,1.5
Cricetid gammaherpesvirus 2,Duplodnaviria,RHVP,vertebrates,NC_015049,YP_004207904_72,atggatctgctggagtttgaggagatgctgccagatgatgtgttgctgttggcgccgggcacctatcagagatttcatctgttgaatcactgtataatgctgtctatgtttaatgaatctgccagtgggcacgagtcctgtgagggcgtaggaggagtatttgaggagagggtggaacttgtaagaaatatcctaaaggctctggtttctccccaggtccagactttgccggggcatcatgaacacgcatag,0,0,2,2,0,2,0,2,4,0,2,1.2,1.5,1.5,1,0,0,1,2,1,1,1,2,0,0,0,0,0,0.461538461538462,0,3.23076923076923,0.461538461538462,0.6,0,1.4,2,1,1,1,1,1.33333333333333,1.33333333333333,1.33333333333333,0,1.71428571428571,0.571428571428571,1.14285714285714,0.571428571428571,0,0,3,2,0,1.2,0,3.6,0,0,NA,2,0,0,1.84615384615385,2
Cricetid gammaherpesvirus 2,Duplodnaviria,RHVP,vertebrates,NC_015049,YP_004207905_73,atgtacaccccctgggcgaacaccacagtctcaaaacacaggaacaccctggcacatgtaataagtgcctcatacctaccagacctagaagaaacagcctttgaaaaccccaccctatctcacataaccagcgtgctatcagctaccgtgtcatgcgcagtgtgtgaccttctcttagaaaccagcagagcccacgcggttcccgatgaattcttccaggattatgccaccatctgcttttacgcactgcacgccccagtgacatggtcatccactgtaatcacaatggcagatatgtgtgagatatatgaaattcattttggaccatgtaatcacctaaacactgggatgagggagggatcgctactgggagtaaacttttatctgcactttttcagcagaaggtgcttccagcacatcaatcccaacaacttggtctttttagactatgaaaataccttcaaatgtcaactaataacatcgtgcctgacaggtgctaactgtgttcaagactttggcagttccatgcgcgcgtgctacgatggggagaccgcccagcgcgacttttccaaactgtgggcgagacatgagatacagtctcccccacacccatcctcacaatcattgtcaccactaacagcattcttcacagacagcaaaaagaaatctctcttaagtctattttctagtcactggcaggccacccgtctgctggaccagctacccagctcaaaaacaacagcctctctgcctctcgcagctgacccgccatccgacgcgcgcatgtcggatggcccctgcctgatctcgtttcccttctgtacaagagaaaaaaataacactcatggcctttgtgtgctctgtgaatgcctggcgtgtcatcccggggccgtctccgcgctgaattctctgaaagagacaatattacactgtttagaaaataattcatccctgctgacccggacccagcacatattgacaaacatccaggattcccccctcatccccgacccagagctaaaaatcattatccagtctaggtcccctcaagagattcacaaacatctattttgtgacatgcagtgcgccataaattctgcaagaacccatcctgggatcctgttcagtgttccagaaccccttaaatactcaaccctgcaactaaaacttgcaactggacagtatttagacaaaaacatccttttagaaaaccagcacctggaacttctggccctggcagccaaaacctgtcagctcgccccagttcctgcaaaacacaagggagacataataaaagagctttacaaacttgctcgggcaaacacagagaagatcctttcccccattcacgctatccactcatacgtctaa,1.7,1.23809523809524,0.3,0.761904761904762,1.64705882352941,1.88235294117647,0,0.470588235294118,2,0.681818181818182,1.6,0.681818181818182,1.15384615384615,1.38461538461538,1,0.461538461538462,0.555555555555556,1.39130434782609,1.44444444444444,0.608695652173913,1.42857142857143,1.85714285714286,0.142857142857143,0.571428571428571,0,1.2,0.8,0.4,1.3448275862069,0.620689655172414,2.06896551724138,0.931034482758621,1.18181818181818,1.36842105263158,0.818181818181818,0.631578947368421,1.22222222222222,1.44444444444444,0.777777777777778,0.555555555555556,1.53846153846154,0.923076923076923,1.23076923076923,0.307692307692308,0.75,1,1.25,1,3,1.16666666666667,0,0.833333333333333,1.63636363636364,1.36363636363636,0.545454545454545,1.09090909090909,0,0.8,1,1.2,0.724137931034483,0.9,0.310344827586207,1.1
Cricetid gammaherpesvirus 2,Duplodnaviria,RHVP,vertebrates,NC_015049,YP_004207906_74,atgggcgtccactctctcactagaaggaacattcaccgcgcaagccaaaagtctgcgcgcgggtcttccgcggcatctgttacatctggcaccagtataaaatcagcaagctctgtccgtggggggctttcgaggcgggaaagggtgcggggattttttaccctgctttccacccggcgggacctggggagagattttttaagggagatggtggcgcccatatgcaatgctactcctgtcctgctgcccctggacctcagaacggtatctcctggccggtgcgtgtccctgaccccttacgggcataccagcaacatgggatttcagtgtaaaacatgtgcggacgcgtggcagcacaacaaccaggaaactcccctaccaaagctggacgaccccgcttttagcaagaatgaactatgctccgtaaccctggctttctaccaacaagcgggaaaggtgattcaaaacaaactcttttacctgtccctgctccacacgtccatggacgctgtgcgcgccagcctctgtcagcccggcctgctatacagtttcttggtgaccagggcctttggaaagacaccattcccaatattctttccccacgagaaacacctgggggtaaacctgattttcaaggatgactgcctccacctacatgaatcctgcctgagactactcatagacaacctgtctgattatgaaatttctgttgacagcataaactcatcttatatactcaaactaacccccacgggcaacgttgggaaggcagcggtcatcccaatggagccaatttgcgaggcagtggcgggtctcgagtgcggggacgacctaaaggcccaatttatagactgtatgaatattgtgtcatgtataaataaaaaggcataa,0.8,1.38461538461538,1.2,0.615384615384615,0.705882352941177,1.88235294117647,0.705882352941177,0.705882352941177,1.33333333333333,1.24137931034483,1.66666666666667,0.413793103448276,1.6,0.2,1,1.2,1.11111111111111,1.55555555555556,0.888888888888889,0.444444444444444,1.33333333333333,1.86666666666667,0,0.8,0,1,1.66666666666667,0.333333333333333,1.2,1.54285714285714,2.57142857142857,0.342857142857143,1,1.6,1,0.4,1.14285714285714,0.571428571428571,1.52380952380952,0.761904761904762,0.888888888888889,1.11111111111111,1.77777777777778,0.222222222222222,0.666666666666667,0.888888888888889,1.77777777777778,0.666666666666667,3,1.33333333333333,0,0.666666666666667,0.620689655172414,1.44827586206897,0.206896551724138,2.06896551724138,0,1.16666666666667,1,0.833333333333333,0.171428571428571,0.714285714285714,0.171428571428571,1.28571428571429
Cricetid gammaherpesvirus 2,Duplodnaviria,RHVP,vertebrates,NC_015049,YP_004207907_75,atggcacagagctatacacccatatactgctgtcataaacagggacaattttgtacacatgaccacttaaatgtaaatttaatagctgaccctgaccttttaccacaccttcttggggaagaagaaaaaatcacacgcctgtatattgatgcagataaatgtagctacgaaaccacagaaactaggaaaattttagtaagctggatgtttgcggtctgtgaagaatatcacacaaacgcaccagttttccaaacagctgtgtggctcactgacatggtatgcctaaacacggaagtggataggagcaagcttcagctgactggaactgctgcccttcacattgcatccaagcttagagactgctaccctatacccgtggcccaactggcatggcttactgaaaactcctcgaccgtggccgagatattggacaccgagcagaccattttaaagtctttcaactggtggattcccagcatatcgcctgcagattttgtctgcccgctcttgctgcatctagggcgccccccagacagcctctcatcttgctacgaggaagtaaacaggaatatccacagggcccttttttgttacaattgtatgcaactttccttctctgagctggcgtcagcggcggtgggttatactttggggttgcaggattgtctgagggcgggcccgcgggagatgtttatttttgaagcctgcgtgggacattttgcgccaactttgttcgagcagcaataa,1.14285714285714,1.11111111111111,0.857142857142857,0.888888888888889,1.33333333333333,0.888888888888889,0.222222222222222,1.55555555555556,0.666666666666667,2.25,3.33333333333333,0,1.15384615384615,0.461538461538462,1,1.38461538461538,0.909090909090909,1.11111111111111,1.09090909090909,0.888888888888889,1.23076923076923,1.23076923076923,0.615384615384615,0.923076923076923,0,1.33333333333333,0.666666666666667,0,0.4,0.6,1.2,1.8,1.29411764705882,1.16666666666667,0.705882352941177,0.833333333333333,1.2,1,1.2,0.6,1.5,0.5,1.5,0.5,1.23076923076923,0.615384615384615,1.84615384615385,0.307692307692308,3,1.11111111111111,0,0.888888888888889,0.75,1.125,0.75,1.125,0,0.923076923076923,1,1.07692307692308,1,0.727272727272727,1,1.27272727272727
Cricetid gammaherpesvirus 2,Duplodnaviria,RHVP,vertebrates,NC_015049,YP_004207908_76,atggacaatctgacagagtggcgatcccttctgaaagtgtttctgcttaaatcaagtgggtgtagctgtcaaggcgtgtcagctggtttgttggcggatgtggatgttttggacaaactcactacagattttataactaagtatgaatcggtgtatggaaaattgcccctgactcagtcagattgggtaaacaatataactgctttgttattttttatgttggacaagataaactttgggagatttattggtttgtttgctgttggcaaatttgtgtgtcaggaactgctgctgtcctctaccacatggtctatggcacatgacctgctttttcataaactggccctggtattggaagtaaagattatgccatggttgaccagcatgggcgtgggcacctttaatgagttgctaggaagacacgcgggacaagttgttcaaacaagattcttttattttttaaaatcaatgtttgtatgggcatgtatgcagttgttggatccatggccttttacctaa,1.4,0.8,0.6,1.2,1.33333333333333,1.33333333333333,0,1.33333333333333,4.5,1,0,0.5,1.8,0,1,1.2,1,0.666666666666667,1,1.33333333333333,2,1,0,1,1.5,0,0,0,0.206896551724138,0.206896551724138,2.06896551724138,0.620689655172414,1.2,0.888888888888889,0.8,1.11111111111111,1,0.5,1,1.5,1.09090909090909,1.45454545454545,0.727272727272727,0.727272727272727,1.14285714285714,0,1.71428571428571,1.14285714285714,3,0,0,2,2,1,0.5,1,0,0,1,2,0.413793103448276,0.133333333333333,2.48275862068966,1.86666666666667
Cricetid gammaherpesvirus 2,Duplodnaviria,RHVP,vertebrates,NC_015049,YP_004207909_77,atgtttaagtcaccaaaaagcaccagacgccatggagaaagacacaccagatcatcctgtaaccagcgctgcaataaacagaaagcgtccaaaaaaagggcaggaccaatgaaaaaaacagtcgacggagagtcatccagtagcggcatcgcgaatgccccaccacaaaaaccgcacccagaatcatcactacacacagaagagttgccagaggaaccatcaccagcctctccacccgaagctccatcatcaccagagacgggccagacctctcaggaaccacactcagacatggatactcccatagataccccaaccccagcagattccccctcccccgcagattcaccaaccccaatggaaactacatctcccccccaacctacaacttctatggagcctacaaatacacaatccacccgacccctcccacctaatactcagccagataaggtcaaccgtccaaagacaccaaaactatccacctccagataccagcaacccatagacgtaaataaagctcttcctaaaaaatacagagccatgagaagatttcttgagagagaaataggagaacccatgaagcccgacgcgacaccccctgtaacttttaaaggatgtgtcttcatacaaaatgtaagtcccttctcattaaataggaccgccaaggctctccagtctccagcaattacaacctgcaaaccatgtgccatgccaaaacccatgggagctactgcaaggtcaacaaggtattttgccatgtgttattgtgagaataaggcgattgcacgcaagattaaacgggccctggataaacattctgctatatttgaaacaaaaacaacaaccatgatactaaaatcaaaaaaaccgttcccagtttag,1.5,0.4,0.5,1.6,1.67741935483871,1.41935483870968,0.129032258064516,0.774193548387097,2.66666666666667,0.387096774193548,1.33333333333333,0.387096774193548,1.8,0.3,1,0.9,0.833333333333333,1.33333333333333,1.16666666666667,0.666666666666667,2.18181818181818,1.18181818181818,0.181818181818182,0.454545454545455,0.333333333333333,1,0.333333333333333,0.333333333333333,1.8,1.2,0.6,1.2,1.17647058823529,0.8,0.823529411764706,1.2,1.09090909090909,1.27272727272727,0.727272727272727,0.909090909090909,3,1,0,0,1.71428571428571,1.71428571428571,0,0.571428571428571,0,1,3,1,2.51612903225806,1.54838709677419,0,1.16129032258065,0,0.571428571428571,NA,1.42857142857143,0.6,0.75,0.6,1.25
Cricetid gammaherpesvirus 2,Duplodnaviria,RHVP,vertebrates,NC_015049,YP_004207910_78,atggatgaaaaaactctacagaattacattgatcaatggagtgctaattatagttatgatgattattggaatggcagcgatgtggtgctttcagctccttgtgtacatgctcctcacatgctgggacctgcgagtgttttttgggtttgtttctggggccttgttttaactttgtttgtaaatggtgttgttatgtttgttttgttaaaagattgggtgaatttaattgcatcagatgttatgatgctgggcttgtgtatttataacatattatgtgttgcctgtatgttattaggctctgctttgcatattacacattatgtggagggtctaatgtgttatgtgcagatcttgtttgaaagtctaacactgtactcaggtgcctggatggtgggttttactgggatgtatagatgtgcattagttctttttccaaaaaaagagggtatcaaaaaaagatgtttggggtggtggtttattgttctttcatttatttttggggttttgttggctattgatgagcttataagtacaaagaggttggatgttgtggttattgggggtaaagatgtctctgtatgtgccatggttgggtatggcccagatagggccagggtgtatgttgtgcagtcactgtttggtattttgatacctgtaattatgatatttgtgtgttttttaatccttgtttggtcagtgactaagttgaaacttaagaagaaatgtagagtatatggttccttcttggctgggttgatgttatttatgttgatgtgtgcaccctataatgttgccctgatgattgatggatttatgagacttggtatggttgttgatacttgtgaaggtagaactttgttagatttgttattgcagttgtttaatggggcgcgtgccatgtattgtataattgcaacacttgttatgagcttatgtgggtcagtctttaaaaccaggttagtaaggcagctgcaaaggtgtcaggtgtcatggccagaggatagtctcacctctgccgtttag,1.42857142857143,0.25,0.571428571428571,1.75,1.33333333333333,0.666666666666667,0,2,2.5,0.6,3,1.8,0.75,0.45,1,1.8,0.5,0.5,1.5,1.5,1.5,0.5,0,2,0,0,0,0.5,0.36,0.12,0.72,1.08,0.857142857142857,0,1.14285714285714,2,0.842105263157895,1.47368421052632,0.421052631578947,1.26315789473684,0.32,0.8,1.28,1.6,0.585365853658537,0.195121951219512,1.17073170731707,2.04878048780488,0,0.285714285714286,3,1.71428571428571,2.4,0.3,0,0.9,0,0,1,2,1.56,0.222222222222222,2.16,1.77777777777778
Cricetid gammaherpesvirus 2,Duplodnaviria,RHVP,vertebrates,NC_015049,YP_004207911_79,atggatcctttatcaacattcatactttatgctgatcatggactcactatagaggagcgcctctttcaagacatagttaatagaggtcgtctagatgtggatgtagagtatctaaatgccatagaaataatatgtggatcaataatcgatgaagatgatgggcaggcagatcctgcccaacaccttgcctgttacagaattgtgagcttcgccctttccatgaaccaccctgacaatcccttcaccaatgttcgtcccataacaccaaggagggagagctccattacttatgcgtacggccctgacccgtgggcacggccaacaaccatgtcaaaggaactcgaggccatgttaacaagtcttttccccaggttccaaactcgcgtggaaacctacagaaaacttgttttgcgctttagcagaacacccagaaacatgaacaacctacacctgagggaacatactggtaatgccctcgatgccctatttgtggataataccacaagggtgaccgttactccagaagaccttatcagggaagagacagctatgattcatgagttagttgtaccagaggaagacacccctctagatgaattgatgttggcattcatgtatccacgtgaggatcaaacaccatccatttctcatcagtgctcacttggagaatttagaagaaattccatctatccatgctttctgcaaccaatagacaccatgagctattcatcagtcatttctggcactccatcctccagggccacagcagtgttgcacagccactgcaggacttctgcacctggccactttcttgagccatcacactttttattgtcctggcagccaggatgtgacataatccaagcaatgtgtggcatgtttattctcagatcagagatagaggaaccagccctagttactcaaagaccttcccttcaagcataccttgcccaagccagagccttaggggctactggatgccccatcactggtggatttgtgagaccaataatggacacatctgaaaacctgggaacccgctgtctgcttcacacatgcacaatcagcactacaaatacagaaaattttaaagcccagcctaggcagacaggagactacataatttgcatgggagattttgttcctataatgcagtcagacactcccacgtttgatcatgactactcatccctggaattcaataagctttcagctacccttcagcaatacatagaaatgttcgctgaaaacccaatatctaagattattaggcccatgggaaaagctacagtgaaacagcagttgatggagcttgtgcatccaaccggagcatggatagacactggaaggctgccccaaaatacaattaatgttcttcaagaggtcccctttgaggaatatgaacgtgtaatacatgataaatttttaaatttacactgcaatgttttgctaatgttagtctcaagaagcaatgctctacaagcctccagtgatgaagaggcaatgcttgatcccctgacttctttaatcaccttggccgcccaatataaaattcctctcagaattataggaaggacgcacaccaagcaaaaactcgaattcctcagaccacatgctgcagagggaccaggagaatactcacaggacagagtcctgttttctctggatgacacgcccctaatagcaactataccaataccatcccaccctctaagaaggagaccattcaggtatgatcaagccatagattgggaaaggtttgacttctcacacattgtacagtctatactcagacatccagcagttgaaagcaaagaatacataaccagacacattgataggacatgtaatggacttgtggcacaacactgcgggtgtggaccatgtgacctgccactcagtgactacagcataacgtgcagccacacctctaaagtttctgaacccgttgacagcataagaagatcatctgagcgcacactacttgtgaactggtgggacataagagatctgattaacagtccagacacatggtttagcaaatatagtgacctaccaagcaacaagtttccatgcattgtgtccagcattggagaacagtcatacaaaatgcagattgattccacaagaggagtttcctatgctttggcagaagctctcctgagcatcgcaatatgcaggcacgtcactgactggtcccaactgcacgtgactggttccatctgctgggacccatctccaccaaacaggatggaattattccacacaatgatggcctgtaaagatatgtgcaacacaatgggaacatcacttacctttacatctataatgagtagcaacaccaccccagaatatctccaagaggaaagtgcatctcccataaataccataaccctaacagctcaatgtcctggcatgatcacaaatgcccccaaaatgacgccagacctgaaagaggctggaaattatctagtctggatatcagccagtccaaaattaacaatagctggaagcatttttcaacaagtaacaggagtaaaggcatccaaactaataaaactcgatcctgaagttttaggaaaattgtgtgaagaactaagatacctgtgctcccaggactgggttgtaagtgcacatgacattagtgatgggggactcattggatgtgttatggaaatgtgcatggcaggagttaaaggatgcagcctttatcttcccaggcatacagcagatgaaaaactgatgctactgtctgagactccaggtgttgtgctggagatagagcagaagggcatgctacagacaatgaaaagattaaaagaaagaaacctcttccatcatgcacttggtactgtaaagggcactggccatcaagctgttatacaaatcaactttagaggacaaccaaagttcaccacaactgtaggacatgccatgtccgcctggagaggcagatttattgaagaaactgccatggcatgctctcatctaccacccaatgaacaaatgacagtctttgactatggtgacaataatcattacataggggggctgagccctgcaaatttccaacgctacctaaaagcatttgcctgcagagatggtcgctcctgcaccaaagtatgtgtttgtatcttacctggccaaccaaaaccatatggactgatgggagtactcaaatcagctggatttgaacctgttgcatgtaacttgttagcacttgaagaggaggacttgctgagatgctgtgggctcatttttactggaaagtctggaactcttcataacatgacaggcgcagccatagcagcacaaacaataatcagagatgccagcaaaataaataagatagcagcattctactccagaccaggaacattcatgcttggatttggtgaatttgggacagaaatcctgtcatcgctgggaataatcaacattcatggtccagatgacataagaaacattgcagaaagagatccatttgaccatgtaacatgccaaccaaacgcctctggtaaatttgaatgcttgtggctcaacatcaggcttccagaatccaaaagtatatttttacatccaatccaaaacagtataattccagcctgggtcgctggcaacaaccttggtctccattggtcacgtgatggccaacaacaacactgtgaggcagagaccttgataagcgctcgctttcatgaagcagaaccacacgagagtcttggtgcaacccactatccaagaaacccatctggagtctataatgcagcagggctctgttccccagatggaagaatgacttccctcctgtttgatccaagccacagcgcatatccatggcaatggccccaccaaccctccccaatgatgtcaaccccgtggcaactctgctttgccagattgttcttgtggagcatttttgagcagcacagagttgcctaa,1.45,0.979591836734694,0.55,1.02040816326531,1.65217391304348,1.04347826086957,0.217391304347826,1.08695652173913,3.20547945205479,1.38461538461538,1.64383561643836,0.75,1.54945054945055,0.56043956043956,1,0.89010989010989,1.37037037037037,1.02127659574468,0.62962962962963,0.978723404255319,2.3448275862069,0.827586206896552,0.0919540229885057,0.735632183908046,0,0.657534246575342,0.0821917808219178,0.410958904109589,0.952380952380952,1.04761904761905,1.14285714285714,1.33333333333333,1.24675324675325,0.953846153846154,0.753246753246753,1.04615384615385,1.76744186046512,1.3953488372093,0.0465116279069767,0.790697674418605,2.13333333333333,0.693333333333333,0.48,0.693333333333333,0.842105263157895,0.631578947368421,0.982456140350877,1.54385964912281,3,0.882352941176471,0,1.11764705882353,1.26923076923077,1.44230769230769,0.0576923076923077,1.09615384615385,0,1.1219512195122,1,0.878048780487805,0.761904761904762,0.679245283018868,0.761904761904762,1.32075471698113
Cricetid gammaherpesvirus 2,Duplodnaviria,RHVP,vertebrates,NC_015049,YP_004207912_80,atgtctgaccgagagctatggaccatatccgtatatgggcactcgaggcccacccccaatgaacgcagtttgtgggccaacatatcatctgggaccattcccaattcagtgtcagatgttcaggcaggccacgttttaacattaaatgtggttattgacaaaaatgaaagacacagtgaagaagcagcacaaaggtttatggcaattgcaagctttattttagcatgcaaatccaggcccccttttttggaatctcccaaggaacttaaggaagttataagaagtgatcccaaagtttttaattttatttatggaaaccctccaaatgcagcaccaacaacatggacaagagaacttgttaacattttaaagtttattgacccatctatgattgccagggtggactgtgtcagaaggcttcatgggaattcaggggatcaggcctccacatccttagtcctgttaaacctcctcaactgttttactgcctcacaatttgcaacacaactgacccaagaacaccttttaaacatggccattgctccatatgaaaatcaaccagatgtaaccctgtcatctgttgacactgtcacccaattgatgatgtttcctgtcaacccacaacaaccctccatttgtttagctcacagcataggaaattacccagtgtcttccatatatcccacccttttatcttcatttaagaatcttgtttttgaatccaataattctagtcctcaactgataaattcactatatcacgtgcacaatgaaacatctcaggcaggatatatgctgtctcacgtgaactttagctcctcatggcttccaggatgctccttgctggcagcatatgcaggattttatgtttcatcccttaacaaacaagcaaaaacaggtaaacagttaatgcttacagagactgcaataaactcccaaattaatacccacagctccttaagcatacccacactgggtggatttattaggcctgtttctcccaaacaggcatcagtggatgcctcacagccactaactgtgctggtgagcaagattatcttaactgccattcgccccgagcaactaaatccattgagcagggatgctgcccatcttgagtatgccgtgtgcttgggggacttcatgccagttctgtctgccagggtccccccatacacacatgaccacagcactttggagcaggtcaagatacagaatgtcatgaggcaatggattaaggatttgggctcctggtgttacacaaagtgcataaggcccatctacacccctcatgtgaaggacacgctgtatgaactatctcacccaagtgggctgagaatccatattgattctttgccccagaatataaaggaccttttaaaagagagcccattgaatgagtatcaggaaataattaccaagcatttcctggaagctcaaacaaaccaggtgtttgttctgacccacaatctcactctgccattatctgttaatcaaaggataaaaattggagccttggaccatctgaaagtgttatgtggcagatacaattgcaccatcaatgttttgggaacggttcaaccatcacccggacttgtgttttatagagtgggggcaacagacagtgacatggccaacacagatgacctactgttcactgtaaaggatgataaaacattagacccaagcatattcaatattggacccagtaattcatatcccagaataaaacactgccatcccatttcatgggacagtatagatctaaaaagtgcattttcacaaatcctgagccaccctgctgtagaaagtaaagaatatattgtgagacacctggacagactgggccaggcacacgtgctacaacagccagggtgtggcccatttgactacccagtatcagattatggagcaatgatcactaatgcagtcaggaaggagtttatttatcctggccaaaaccttattccattaacaaagcacacagctggtgccctgaaagataacccccattcctggttcactgataaaattagaaccaacaaacacaagtttgactgtatcataacagcagtgggagaacaatatctaaagtcccaggtcgatgaggcaagaggaatggtatatgggctacttgaatccctctgtaatttggtgtgctgtccatacatccattggcctactacaactgtcacagcctcaatttcctgggacccgtcccataataaagctggcctgctaaagggcatgaaagcttgcagagagctatgccaacatttaggcatcaagctaatgtttgtttctgcatcttccagtgacatcaggccccactcacacactccagccaattttaccccaaccaatgttgtgacatttttagccagcaacaagggcgtctttagaggcgacagaagcaaacctaccccagactttaaagccaaaaatagttcaattttttggatcactttggaccccagactgactattgcaggctcaatagcccaggatattctacaagaccaggcaaagtccaataagttattaacttttaaacagactcatgttcttccaatatttcaaggtgttcatgaattactgacaaccaacacagttttaagtatccatgacatcagtgatggaggacttttaacatgcttagcagaaatgtgcttatctggtggaatgggtgccgatgtaaccattccacccatatatgactatccacttgatgtggtaatttctgaaaccccaggatttttagtggaagtggataagcaatttacatctgaagtgttttcaaaactgcagtccaaaaaagttccattcttctttctggggactgttacaggcccaacttcctctcttgttacctttagatacaaggatcaaatcatacaccaaatatccttaagtgaggccagaggtcactggcgccaacatcatataaatgacacatatcaaaaatgcagccacttggacagaatctctaacctgtactgcttagaatatggatgtaatcaacataactttcagaaacttacatattatctcagtaaagaattcctcagaccctgtatccccaccagcaataagcccattgcctgtgttctttcttttgctgaacagcaacatccagaaaccttactttgtgcactgtcaaacactggatttggagtcatgcatgtaaaaaatctcttagagttggaagaaaatccatccattttaaatttgtgccagtgtcttttcatcagtgggaaaatatgttctctggactctttctcttgcaccctggcctgtgttcatagcttcctggcaaatgaaacaattatgggggccctgcggcagttccttttaagacaaaacacacatctgcttgggtttggggagctgggcacacagctgttactcaacctaaacatcattgagttggacccagcttcacgagatctcatatcctgcaaacccagtgaccctttaaaagttacaacccttcaaacaaatgtctcaggcatgtttgaatcattgtggctgaattttcaaatatgggaaacagcaagcatttttttgaagcctttaacaaatatggtgtgtccagcatggattcaaggaacccatctggggtttaaggtgacaactcaacaagaaactgacttaacatctaaacatttaatgtgtgccaccttccaccaagactcgagcgccccctacatgcacgcagaatattatcccagaaacccaacagcaaattgcatggcagctggcttttgcagcccagatggccgcgccactgcactgctactggatccaagccaaagttttcacccttggcagtggccacatgtcaactcagaggaggggctaacaacaagcccttggcaactatgcttttacaatttatttttacactgctgcagttaa,1.13333333333333,0.72463768115942,0.866666666666667,1.27536231884058,1.78260869565217,1.1304347826087,0.0869565217391304,1,3.14285714285714,1.0327868852459,1.85714285714286,0.983606557377049,0.975,0.675,1,1.35,1.23809523809524,1.03846153846154,0.761904761904762,0.961538461538462,1.90243902439024,1.36585365853659,0.0487804878048781,0.682926829268293,0.285714285714286,0.571428571428571,0.142857142857143,0,0.72,0.36,1.52,1,1.37254901960784,1.13793103448276,0.627450980392157,0.862068965517241,1.94444444444444,1.44444444444444,0,0.611111111111111,1.37704918032787,1.11475409836066,1.04918032786885,0.459016393442623,0.48,0.746666666666667,1.38666666666667,1.38666666666667,3,0.594594594594595,0,1.40540540540541,1.32786885245902,1.22950819672131,0.0983606557377049,1.32786885245902,0,1.07692307692308,1,0.923076923076923,1.6,0.448275862068966,0.8,1.55172413793103
Cricetid gammaherpesvirus 2,Duplodnaviria,RHVP,vertebrates,NC_015049,YP_004207913_81,atggcaaataggtctggaatgggtggttgcatgatgctctctttgcttattgctggcatgtcccttatgctgggccactgtggccccgtaggggagccagtggcttcagagatcaatgaggcctccaaggtatcctcaagactcctcacccaggacatcctcttcaggaaggataggcaggccacaatttcactgccaattaaacttccagtagaggacatcatcacacaaacgtgtgataagataacatatggaccactgaagttcttggatctcttggaaaaggaaacagctgtgttgccactgagcacagatatcacgtgtcccgcgtgtcttggaagagctgtgctggtcgggaaatgggagtgcccagctcatgtagctgtcaatgagtctgatctgacagtgtttggacctaacaaggaggaacatgtgcctcagtttgtaactgtgcagcagcccagtgatggcaaaatgcagagactcttttttgccaagtttttgggcaccgaggagtctttggcggtcctcagagttcctggccccgatggacacttgtgcatacaggaggccttgatacatttcaaggagttgtctggcgctggtgtgtgcagcctgtggaaggcaaacgactccagagaggaggggttggaaatgaagcaagtggactgccttgaaaccacagtactggaaaaccaaacttgcattgccaccaccttgtctaaaaaaatctaccacaggctgtactgtggtgaacggctgatgactggggggcaagtctccacgcgggtgttgctaactgctctgggattctataaaagacagccatatacattccatagagttccaaagggtatggtatatgtgcacctcatagattctgggtcagaagactatatggaatactctgagtgtgaggaggtcaccccaggtcgttatgaggacaaacaaatcagctacaccttctacactgacttgtttcagactgcagatggggagcctgtccttgcctcggtttggggaaccagtgggctcaaagattcggcctatgagagctgtgcctttgttattccaaccaagggtagaaggaaactggtgcctaggagaatcatgtctaaatgttaccctttccgcctcacgtatcaccccagtaccatgactgtccggctggacgtcagggtggaaaagcatcacggggctacagaccaaggttttgtgtttctgaagatggagtctggaacatactctgaaggtagagagtattacctggatagagtgttgtggggggaagactcttctacaaacaatgtgcttcagtag,0.833333333333333,1,1.16666666666667,1,1.375,1.25,0.5,0.875,2.8695652173913,0.774193548387097,1.82608695652174,0.580645161290323,0.705882352941177,1.41176470588235,1,0.882352941176471,0.75,1.09090909090909,1.25,0.909090909090909,1.9047619047619,0.952380952380952,0,1.14285714285714,0,0.260869565217391,0.782608695652174,0.260869565217391,0.127659574468085,1.27659574468085,1.91489361702128,0.893617021276596,0.727272727272727,0.952380952380952,1.27272727272727,1.04761904761905,0.545454545454545,1.45454545454545,0.363636363636364,1.63636363636364,0.941176470588235,0.823529411764706,1.17647058823529,1.05882352941176,0.823529411764706,0.941176470588235,1.76470588235294,0.470588235294118,0,0.941176470588235,3,1.05882352941176,0.774193548387097,0.967741935483871,0.387096774193548,2.51612903225806,0,0.857142857142857,1,1.14285714285714,0,0.875,1.78723404255319,1.125
Cricetid gammaherpesvirus 2,Duplodnaviria,RHVP,vertebrates,NC_015049,YP_004207914_82,atggctctactccttcttttccttgttggcctggccactgggcagctaatacaaggagatcttaggggtggagtagatatagcagagattgaggtgaaagttggggaccgtatagtctttgactcagaacttctgccaggtgctccacccgacctgaccaaagttaagttttattggaagaaattaagagagtgggatcccagcatacgatttgaccaactgggaaaagatggcacctgtctgaaaaatgagtacctgcatggcaggttggtgtcctgtaactctagcctgattcttgaaaatgctaccttttcagatgagggcatttatatggtcaggtataaaatgaatgatactcactctgaggaaagtgtgatcctgctcagaatcttcgattctcagccagtcctaatgctgagcgtgttcactggagaccggctctcgttcagatgtgacgacctgaaaaatggggacgcagatatgagagttgagctgaagaatgtcccgggctttgatcctgggctgctggagcgtgccggacactacgtgtgggacctgaggaccattaagtggaccaaggaccaaggctttgtgcccgccttcctggtgaggaaccaactgcggtgttgtgcccagtatgccagccagatgacctgtggtccctggacccccgtgacggtggacatgttccttgatgacgttaaggcggccaacagggacatgtgtcccaatcgggggggacttaaggagctcgagggcgtggacatgacgtcgcccaggaacacgccgctgtggcaaccccggtgctacaggcgggtctactctgtcactgagaacaacggacacttggtcatgtgcgagggccacgaaggcgtggtgctcgggccaacgggcacctggaaaatgcatcggccgctaggtggcgtgagaacccttttcgttgggcggcgctatgcgatcgaggagatcgaaaggaacatcacaggggaatactttatcaacacccccaacggcacgcacgatgctcagttcaacatcacggtcctcgcccccctgcaagcctccctgaaacttgtgagccttgatgaacatagtttgacgatggagtgtgagcacaacggcaggccgggcagtcgcatcacgtggaccgtggagggcacctttgcggagagccaggtgtctgggtctaccatacgcctgtggcaggactgcagggagacgcccacgcagtgggcgttccaggtggcggtacaatgtgcggtggacgacggtccctggcaagtgcgttccaagtggtacaagggaaccagaagaaggggagaggggtctctgtgcacgcactgtggacatttctga,1,1.29411764705882,1,0.705882352941177,0.133333333333333,1.86666666666667,1.46666666666667,0.533333333333333,1.27272727272727,1.56521739130435,2.18181818181818,0.782608695652174,0.882352941176471,1.41176470588235,1,0.705882352941177,0.941176470588235,1.27272727272727,1.05882352941176,0.727272727272727,0.761904761904762,2.28571428571429,0.761904761904762,0.19047619047619,0.181818181818182,0.545454545454545,1.27272727272727,0.545454545454545,0.521739130434783,0.782608695652174,2.73913043478261,1.43478260869565,0.518518518518518,1.17241379310345,1.48148148148148,0.827586206896552,0.4,1.6,1.2,0.8,1,1.5,1,0.5,0.228571428571429,0.914285714285714,2.17142857142857,0.685714285714286,0,1.09090909090909,0,0.909090909090909,0.521739130434783,0.782608695652174,0.521739130434783,1.82608695652174,3,0.571428571428571,1,1.42857142857143,0.130434782608696,1.11111111111111,0.391304347826087,0.888888888888889
