virus,realm,locus_tag,host,accession,protein_id,coding,AAA,AAC,AAG,AAT,ACA,ACC,ACG,ACT,AGA,AGC,AGG,AGT,ATA,ATC,ATG,ATT,CAA,CAC,CAG,CAT,CCA,CCC,CCG,CCT,CGA,CGC,CGG,CGT,CTA,CTC,CTG,CTT,GAA,GAC,GAG,GAT,GCA,GCC,GCG,GCT,GGA,GGC,GGG,GGT,GTA,GTC,GTG,GTT,TAA,TAC,TAG,TAT,TCA,TCC,TCG,TCT,TGA,TGC,TGG,TGT,TTA,TTC,TTG,TTT
Porcine adenovirus 5,Varidnaviria,PAdVCgp01,vertebrates,NC_002702,NP_108652_1,atgagacatcttagagttgccttcgacgagagcttctggcagatggccaatgaatgggcacacaacaatgagccggacaccgatgagggatttgaggagcctccatgtttacaggacttgatcgatcttgacttgtctcagagtgctgtggactttttctttcctgatgctgatttgaacgaggaaaataattctcaggatgttggaccagtggatctgttctgcgatgaaattcttgactctcctgacgaccagcctttggaggaaagccattttgcttctccaccgctcgattaccctgaggtgccaggtgttaactgtgcggcatgctcgtttcaccgcgaaaacactggtcacgaggacgccgtgtgtgggctatgttacatgagaaagacggcttttgctgtttacggtatgtggttaatatttgcacaatctttcttttcgtgtttttactcgctgtatgcttatgactatttctattttagaaccagtttccccagcaacgccagaggagaatga,0,1.11111111111111,2,0.888888888888889,0,2,1,1,5,1.38461538461538,0,0.923076923076923,1,1,1,1,0.333333333333333,1.2,1.66666666666667,0.8,1.33333333333333,0.333333333333333,0.666666666666667,1.66666666666667,0,1,0,0,0.461538461538462,0.461538461538462,0.923076923076923,1.38461538461538,0.8,1.11111111111111,1.2,0.888888888888889,0.857142857142857,1.14285714285714,0.285714285714286,1.71428571428571,1.71428571428571,0,0.571428571428571,1.71428571428571,0,0,2,2,0,1,0,1,0,0,1.38461538461538,2.30769230769231,3,0.571428571428571,1,1.42857142857143,0.923076923076923,0.823529411764706,1.84615384615385,1.17647058823529
Porcine adenovirus 5,Varidnaviria,PAdVCgp02,vertebrates,NC_002702,NP_108653_2,atgcttatgactatttctattttagaaccagtttccccagcaacgccagaggagaatgatgagcgtgaggtcattccagacgaaactcctagaggtcgccaccttgataaggtgaacttgcttcggaggaaacgcccagcggagcaggatgagcaagacgaacctttggacctgtccctcccaaaacgccctttgtgcgagtga,1.33333333333333,1,0.666666666666667,1,0,0,1.33333333333333,2.66666666666667,0.857142857142857,0,0.857142857142857,0,0,0,1,3,1,2,1,0,2.66666666666667,0,0,1.33333333333333,0,2.57142857142857,0.857142857142857,0.857142857142857,0,0.666666666666667,0.666666666666667,2,0.6,1,1.4,1,2,0,2,0,0,0,0,4,0,1.33333333333333,1.33333333333333,1.33333333333333,0,NA,0,NA,0,4,0,2,3,2,NA,0,0.666666666666667,NA,2,NA
Porcine adenovirus 5,Varidnaviria,PAdVCgp03,vertebrates,NC_002702,NP_108654_3,atggagcttgaactaagcttgaagctctgcaagaccctctgcgattttaagaacctgactcgggtcgtctattatgcttctgacagaccaggttggctctctcgctatttctttgggggcagactcgctcaattagtttataaggccaaggttgactaccaccagacactgactgaactgtttgaggatgatcagagcttttggtgtttgttagagagtgggagaacgctgggattcgaggcaaaggtggtgccgtggttagatttttcatcaactggtagggttgtttctagtttgtcattattggcatacttggtagaccaccttgattgtcacacagattttagtaaggactacaacctagaggttatttgtgctccagtatgttgcaggctgaagacgctggtagaaatccagaaattgaggttcaggcaggaggagacaatgagagaggctcttcaggaggatcaagaagcgaaaatactctcctga,0.4,2,1.6,0,1.33333333333333,0.444444444444444,0.888888888888889,1.33333333333333,2.4,1,2.4,1.5,1,1,1,1,0.571428571428571,2,1.42857142857143,0,2.66666666666667,0,1.33333333333333,0,0,0.6,0.6,0,0.461538461538462,1.15384615384615,1.38461538461538,0.692307692307692,0.615384615384615,0.727272727272727,1.38461538461538,1.27272727272727,1,0.5,0.5,2,0.666666666666667,0.666666666666667,1.33333333333333,1.33333333333333,1,0.666666666666667,0.666666666666667,1.66666666666667,0,0.857142857142857,0,1.14285714285714,1.5,0.5,0,1.5,3,0.857142857142857,1,1.14285714285714,0.923076923076923,0.666666666666667,1.38461538461538,1.33333333333333
Porcine adenovirus 5,Varidnaviria,PAdVCgp04,vertebrates,NC_002702,NP_108655_4,atgcaggaagatgatgattttgaggagatgattaatagacacgctaaggtggctcttaaccctcatatattgtatgtgattaagaaaccaattagaattagatctttatgttacataattgggaatggggctacggtgcgcatctcttgccaggagtcttttggaattgaggtttactgtaggggcagaggtcctgggatagtaggtatgtggagtccaacgtttcataacattatttttgagagggagcggggtcttcagggtggggttattaacaccaggacccacaccattattcatgggtgtaattttgtaggtatcatgggcacggctttgaggtttttttcagggagccacatcaggggttgtcatttctacgcctgctacaagtgtgtggagaacccatcaaaattaaagcttagagtgagttcatgcacttttgaaaagtctatgatgggcattcttagcagcgggccaatttcaattaagcactgttcatccttaaatgtttatagttttttgtatgtgtctggtttggcctctgttgaaaacaccactgtgacaaactcaaatggattttacgagtctggtctcatagacatggtgagctgccacaacggcgctatcgttcctctttgcaccgttcacatctgtgggactatgaaagttccttggccgtctgtgaagaactgttcctttgtgcgctgcaaagtgtttctcggctgtcggagtgggacgttcagccctacaaacaccagttttggatactctctggtttgggtcgataaggaggcctttgagtgtgtgaatttcaaccacacattccatcagaccacgacattttggaaaatactcaggtctgacgccgatgatgtgcggaatggacttaaaaagtgcatttgtggggctttacacgcgtggcccgttctggagcaactcaactttacggatcacatgagaccggacccttatgattactcctgtgattctagatttttctcatcagacgacgaggagtgttga,0.8,1.22222222222222,1.2,0.777777777777778,0.8,1.4,1.2,0.6,2.33333333333333,0.9375,2,0.9375,0.6,0.6,1,1.8,0.4,1.28571428571429,1.6,0.714285714285714,1.23076923076923,0.307692307692308,0.615384615384615,1.84615384615385,0,0.666666666666667,1,0,0,1.2,0.6,1.8,0.375,0.714285714285714,1.625,1.28571428571429,0,1.45454545454545,0.363636363636364,2.18181818181818,0.592592592592593,0.740740740740741,1.48148148148148,1.18518518518519,0.32,0.16,2.08,1.44,0,1.27272727272727,0,0.727272727272727,1.5,0.5625,0,2.0625,3,0.7,1,1.3,1.2,0.454545454545455,1.2,1.54545454545455
Porcine adenovirus 5,Varidnaviria,PAdVCgp05,vertebrates,NC_002702,NP_108656_5,atgtatgggatgcatgcattatttggaaccatgtctgacgtgggggaggttcgcacctgctttctaacagcccgtcttcctaggtgggccggtgttcgtcagaacgtcatcgggtcaaatataggaggcctgccagttcccgctccggagactatcggatacggacgcaccagagccggggccactcttatcactctgaggaatgcagccactgcaaagccgctgtccgaacaggtggaggatctgattgaggagaacctgcaactcacggccaacctgaatgctctttcagtgagactcgccgccatggagagggcttatgccgagctacagcgtaatctagaacccatcatacaaaatcacaatgccattgttccttga,0,0.666666666666667,2,1.33333333333333,0.444444444444444,1.33333333333333,0.444444444444444,1.77777777777778,1.2,0,1.8,0,0.75,1.5,1,0.75,0.8,1,1.2,1,0.571428571428571,1.14285714285714,1.14285714285714,1.14285714285714,0,1.2,0,1.8,1.2,0.8,2.4,1.2,0.444444444444444,1,1.55555555555556,1,0.75,2.5,0,0.75,1.6,0.4,1.6,0.4,0,0.5,1.5,2,0,0.666666666666667,0,1.33333333333333,3,1.5,0,1.5,3,2,1,0,0.4,0,0,2
Porcine adenovirus 5,Varidnaviria,PAdVCgp06,vertebrates,NC_002702,NP_108657_6,atgttggatgacacttccgtgggactcgtaaaagaactttgggataaactgtatgtgttacacaaatccctaaagtgtatgccttatgcagaaggacttaaaccactccaaatgtttacctcttttgaccacttgatgtccatgggtggtgattccctgctgagggagttgtgtttagattccttagaagtcaaaagaatgctgaacgcctgctctacatttttaaatagatcgggttgttgtaaatcattaaactatcaaacacaaccagtgattggggtaatctatggccccactggatgcggcaaatcacaactcttgaggaacataatctccacccagctcctaaatccaccaccagaaacagtcttctttatcgtaccacaaatagacatgatccctccacaggagattagtgcctgggaaacacaaatatgcgagggcaattataagatggggcctcagggaactctagtgcctcagagcggctcgctcttgcccaaatttgttaaaatgtcatactctgaccttactcaggatttcaactacgacgtcacagaccccagaaatgtttttgccaaggcggcctctaatgggcccatagccatcattctagacgaatgcatggaagacatgggaaaccacaaaggcatcgccaaattctttcacgcattcccctccaagctacacgataggtatccaaaatgcacaggatactcagtcctggtagtgttgcacaacatgaaccccaggaaggaccacgccggcaacatctccaatctgaaaatacaatctaaattgcacatcatctcccccaaaatgcaaccgcctcaactcaataggttcataaactcttacaccaagggtctgcctcctgccatcactcttttactgaaggacatattcagatatcaccaatcacacactcagtatgactggatcgtctataacacttgcccagaaaatgaagccatgcaatggtgctacctgcacccctcagaaggactggttcccatgtacctaaacgttcaatgtaaactgtactccatcctagaaaaaataagtaaagtgttatgtgacagacaacgctggaacaggtattatcattcaaagaaataa,1.40740740740741,1.2,0.592592592592593,0.8,1.5,0.75,0,1.75,2.5,0.214285714285714,3,0.428571428571429,1.04347826086957,1.56521739130435,1,0.391304347826087,1.36842105263158,1.83333333333333,0.631578947368421,0.166666666666667,1.38461538461538,1.38461538461538,0.153846153846154,1.07692307692308,0,0.5,0,0,1,0.857142857142857,1.57142857142857,0.571428571428571,1.57142857142857,1.33333333333333,0.428571428571429,0.666666666666667,0.666666666666667,3,0.333333333333333,0,1.4,1.2,0.6,0.8,0.842105263157895,1.05263157894737,1.26315789473684,0.842105263157895,3,0.777777777777778,0,1.22222222222222,1.5,2.14285714285714,0.428571428571429,1.28571428571429,0,1.07692307692308,1,0.923076923076923,1,0.923076923076923,1,1.07692307692308
Porcine adenovirus 5,Varidnaviria,PAdVCgp07,vertebrates,NC_002702,NP_108658_7,atgttcaaatcatttagagacgaactgcaaaacagagtcacacaagacctttggaagacatttctgtcacagaaccctcatctcgtcgagaccgccgcccgtttgaatctggggtccgtagatgacatcacccccgaggttctcaaaaaggaaaagatctgcggcgaaccgaggttcatagaagtgtacgtcatcggacacaacatcagcggctttgatgagattgttctggccgcgcaggtgatttgtcaccagtccaaaaccatcaaggcgtttaagatcagtagaaactttatgcctcgaaacggcaaaatcctcttcaatgacatcacctttgggctgcccaacccgttgtttgaaaagagaaaggagtttcaagagtgggagaggggaagcatggcggtgcaggatatgaagcaacagtttgtcaaactgatggtgagggacacgctgatgctgacgcacaccagcctcagaaacgccgccaaggcgtacgatcttccagtagaaaaggggtgctgtccttacgaagccgtgaacgagttctacagaacgggcacttaccagaaagacgaggatggattcccctctctcaggtactggaaagaccaggaggagtacgctctcaacaaggagctgtggagagaaaaaaaatgtggggcttacgacctcatctccagcactctcacgtactgcgcccaggatgtgctcgtcacctcatctctggtcagaaaacttcaggaatcataccagtcgttcatcgccaacgaagtaaacttacctgattcatcattcaacatatttcagagacctaccatcagctcaaactcacacgccatcttcaaacaaattctgtaccgagcagaaaagccggagagacaacacctgggggaggtgcttctggccccctccaacgagatgtatgattacgtgagacagagcattcgagggggtcgatgctatcccacatacatcggaattctacacgagcccatctacgtgtatgacatctgtggaatgtacgccagcgccttgacgcatccgatgccgtccggaagccccttgaatccatttgagagggctctcgcggtggccgtctgggaggatcaactgaaatccgttggtcaaaaaatggactactttgacgagaaacttcttccaggcatcttcaccattgacgccgaccctccggatgagtcattcctcgacgtcctgcctccgttctgttcgcgaaagggaggtcgactatgctggaccaacgagccattgagaggagaagtggccacgtccgttgatgtcatcacgctccacaaccgaggctggcgagtgaggcttgtgcctgatgaacgcactaccattttcccggaatggaaatgcttggccaaagagtacgtgcagctgaacatcgcagcaaaggaaaaggcagacagggaaaagaaccaaaccatgcgaagcattgccaaacttttatcaaacgcactgtacggatcgttcgccaccagattagacaacaaaaaaatagtgttttctgaccagttggaggaagagagctcaaagaacatctccaggggcaagtactctgtcaaatcttcatccttcatagagacagacaatttcagcgcggacatcatgccagaatttgtcgtagcctacccacctgtcgccgacgtctccaacgaggacaatgaggccgccgaagaagccacgccttttataggcaaatctgatcacgtgacatacaaatataaaccaatcacatttctagatgtggaagacgatgacgtgtgtctgcacactctagaaagtagctcctccctcgtacttaacaacaggtacgcctcccacctggcttctttcgtgctagcgtgggcgagagtttttgtctccgagtggtcagaatttctatatgaaaacgacagaggagtacccatggaagaacgacagataaagtccgtctacggcgacacggacagcctgttcgtcaccgaagagggccatcgcctcatgaaggaaaaaggtaaacacagaatcaaaaaaaatggaggatctctggtatttgacccccagcatccacaggtgacatggttggtagagtgcgaaactcgatgcgacaagtgcggggaggatgcttacagccccacatcggtcttcctggcgcccaaactctacgccctaaaaagcaccgtgtgttccgtctgcgggtacgtggggaagggaaaacttagggccaagggacacgccacctctgaactctcctttgatgtgctgcagcggtgctacctagaagacctccaactaggaagcgaaaaattcaaaaccagcaggttgagcctgaagaggacgctcgcgagctgtcagagcaacgccgcgccgtttaccgtcacagaagccacgctgaccagaacactgaggccgtggaaggacaagactctgacccagatagaccagaacagactgattccttactcgacgagccgcccaaatccaagaaacacagatttatgttggatgacacttccgtgggactcgtaa,1.10344827586207,1.6,0.896551724137931,0.4,0.979591836734694,1.55102040816327,0.979591836734694,0.489795918367347,2.375,1.85294117647059,1.625,0.176470588235294,0.552631578947368,1.73684210526316,1,0.710526315789474,0.645161290322581,1.5,1.35483870967742,0.5,0.930232558139535,1.02325581395349,1.02325581395349,1.02325581395349,1.375,0.375,0.125,0.125,0.683544303797468,1.36708860759494,2.12658227848101,0.835443037974684,1.04761904761905,1.28,0.952380952380952,0.72,0.4,2.32,0.88,0.4,1.57894736842105,1.05263157894737,0.947368421052632,0.421052631578947,0.581818181818182,1.38181818181818,1.67272727272727,0.363636363636364,3,1.6969696969697,0,0.303030303030303,1.14705882352941,1.5,0.529411764705882,0.794117647058823,0,1.1,1,0.9,0.30379746835443,0.95,0.683544303797468,1.05
Porcine adenovirus 5,Varidnaviria,PAdVCgp08,vertebrates,NC_002702,NP_108659_8,atgtccaggttcatctaccactatcatcgtctcatgctcatgaacctgtccccgcgcgagccggccacgctgcggtggcccctgtacaactttcctccccctcatttcctggttggataccagaaactggtacagatctgcaacgattacatctttgacacgcgcgcctacagccgcctcaagtacacggagcaggtgcaattcggctcacagaccgtgaactggtccgtcatggccaactgttcttacaccatcaacaccggagcctaccaccgcttcatagatatggacaattttgaggaaactctgacatccgttcagcagtctatcctggcagagagaatcgtggccgacctatcgctactccagcccctcaggggctttggcagaacacacatggaccaggaccttgacgtcccggttgaatatttgctgcaggagcagtccaaggacatcggagtctgccaagacagggcctggggactggctgaccgcattcgcgcacagaactctgggagaaaggatctcgtcatccttcaaaccattcgcaagctaaagtcggcatacttcaacttcctcttgcaaaaccacacccaacatcaagaagaagagctcaacttaccttgcgactgctactggttagaagccttcgtggaaaagttcggagggtccgaagatatcactcccagacttcaagaagtgcctgcgcagacattaacaaaatgtgtcatcgccgccctcggactcccgtcttgctttggagaggccttatcaggaggggctttccaacttaggccgcgagagggcggcagagccgtcacagaaagcatgcgcagagccaggggcgagatgatcgagcagtttgtggatagactgcccatcaggcggaggcgaagaagagccgcctcccctcctcagatctctcctgaagtggagatggaggaggagcctgaggttccacccaccagcttcgaagaagaggtcagggcagccgtcgctggggccgtgcgagccctggaagaagagctcacggtctcggccagaacgcagcagtttttcaacttcgccgtggaattctacagcgtcatacagagactggaggccatgggggagctcagcgagatcgctctccgtagatgggtcatgtatttttttgtgaccgagcacatagccaccacgctgaattatctccaccacaacctgcgcctggcctctccattcgggagatatgtcatgcttaacctggcgcaggtcgtgatgcgggccagagacgcctccggtcacatggtctacagccgtgtgtggaacgaaaacggagagcaggccttctccaacatcatgagccgcgttcaggtggacctggcggccaccgttgaaagagccggaagaggggaattagaagaagatgagattgagagattcatggcggacatcgctttccacgaaaacagtggagatgtcacagagattttgaggcaggtcgcttctaacgattctgaaattgactctatggaaatatctttcaggttccgtctgacgggtccggtcgtcttctcggggcagagggacatccaaaacatcaacaaaagggtcgtggccacggcgacgaggctgagacaggaaggcagacctatgccggaacagcacgcggccgtcccgctagatccggcccagtga,0.666666666666667,1.81818181818182,1.33333333333333,0.181818181818182,0.923076923076923,1.38461538461538,1.38461538461538,0.307692307692308,2.19230769230769,1.27272727272727,1.5,0.181818181818182,0.444444444444444,2,1,0.555555555555556,0.529411764705882,1.53846153846154,1.47058823529412,0.461538461538462,0.307692307692308,0.923076923076923,1.38461538461538,1.38461538461538,0.346153846153846,1.15384615384615,0.346153846153846,0.461538461538462,0.48,1.68,2.28,0.6,1,1.25,1,0.75,0.347826086956522,2.60869565217391,0.521739130434783,0.521739130434783,1.57142857142857,1,1.14285714285714,0.285714285714286,0.0975609756097561,1.95121951219512,1.36585365853659,0.585365853658537,0,1.41176470588235,0,0.588235294117647,0.363636363636364,1.63636363636364,0.727272727272727,1.81818181818182,3,1.42857142857143,1,0.571428571428571,0.6,1.37931034482759,0.36,0.620689655172414
Porcine adenovirus 5,Varidnaviria,PAdVCgp09,vertebrates,NC_002702,NP_108660_9,atgtacccggggtctgtgcagatgcatccagtgttgcgccagatgaaaactccaaaccctagcgccgccgcttacgaggacacgtacgcccctccggtcatcaatgagggggaaggagtggccaggcttgacgccgagaccccagaacagcatcctcgagtacaactaaaaaaggactctggagaggcctacgtgccgcgcgcgaactcttttagggagcgggagggggaggagggggagggggtgaggcatgtgaggttcaggtccggagagcagatgaagctggacagaaggagggttcttgaggatcgcgattttgagttggatgagagaacgggggtcagtccagccagagctcacatggcggcggcggatctgatgaccgcctaccagcagacggtgaaagaggaagttaattttcaaaagacattcaacaacaatgtgcgcaccctggtgtccagagaggaggtggctgtgggactgatgcacttgtgggactttgtggaggcgtatgtgggtaacccgtcctccaaggctctgacggcgcagttgttcttgattgtgcaacactgccgcgacgacggtgttctcaaagaggcgcttctcaacattgccgagccggaagggcggtggttgttggatctgataaacttgttacagaccatcgtggttcaggagagggctctgagtctgacggagaaagtggccgccatcaactactccgtcattacgctgagcaaacactacgctagaaagattttcaagacggtgtttgtgcccatagacaaggagactaagatcaccaccttttacatgcgggtggtggtaaaagttctggtgctgagcgacgacctaggcatgtaccgcaacgagcgcatggagagggtggtgagctcttcccggaggagggagatgagcgaccaagagttgatgatttctctcagggaggcgctggcaggcggagatgattcagacgaggaggggcagggcccgcctgcgcagcctaccccgttccggcctcgtcgtccggccatagagtgggcggatgaatacgaggaggattaa,0.933333333333333,1.5,1.06666666666667,0.5,0.235294117647059,1.64705882352941,1.64705882352941,0.470588235294118,0.9375,1.57894736842105,2.25,0.631578947368421,0.75,1,1,1.25,0.533333333333333,1.14285714285714,1.46666666666667,0.857142857142857,0.842105263157895,0.210526315789474,1.68421052631579,1.26315789473684,0.1875,1.3125,0.9375,0.375,0.4,0.6,2.4,0.6,0.27027027027027,1.14285714285714,1.72972972972973,0.857142857142857,0.137931034482759,1.6551724137931,1.37931034482759,0.827586206896552,1.11111111111111,0.666666666666667,1.77777777777778,0.444444444444444,0.242424242424242,0.363636363636364,2.78787878787879,0.606060606060606,3,1.81818181818182,0,0.181818181818182,0.315789473684211,1.89473684210526,0,1.57894736842105,0,2,1,0,0.2,0.909090909090909,1.8,1.09090909090909
Porcine adenovirus 5,Varidnaviria,PAdVCgp10,vertebrates,NC_002702,NP_108661_10,atgtttcctcagcgccgccgtcgccggggcgccccaaacccagcggccgttgccaagtttcagtcccaacccaacaacgacgtggaatgggctgatgttttgaaacgtatcatggcgctgaccgccagaaacccacaagcttttgccagccagcctttcgccaaccgcatcgaagccattttggaggcggtggtgccttcgcgaaaaaaccccacccacgaaaaagtgttgtccattgtgaatgccctccttcagacgcaggccatacgtccggatgagggcggtcaggtgtataacgctcttttggagcgcgtctccaagtacaacagcgtgaacgtgcagacaaacttagacaggctgggtgaggatgtgaggaatgtcatctctgccaaggagaggatgcaggcctcaaatatgggctctatggtggccttaaacgccttcctcagcactctgccggcgaatgtggagcgtgggcaggagaactacacggcctttatcagcgccctgaggcttttggtgtcggaggccccccagacggaggtctaccagtccggccccagctattacctgcagacctcccgcaacggttcacacacggtgaacctcacgaaggcttttgagaaccttcagcctttgtggggggtgaacgcccccgtggcggagaggagtaacatctccacgctgctgactcccaacaccaggctcctcttgttactgatcgctccctttacggatggggtgaacatttcccgagcctcctatgtaggatatctgctgacgctgtacagagagactctgggcaccgctcagatgagcgagcgaactttcaacgagatcacgaacgtgagccgcgccctaggcggggaggacagcgccaatttgcaggccacgctaaactttttgctcactaaccgccaaaaccgcctacccaccgagtactctctgacggaggaggaggagcgcatcctgcgtttcgtccagcaggccgttagtctttacatgatgcagacggggtcggacgcttctgcggctctcgatgagaccagcaggaacttcgagcccagcttttacgcgggaaaccgagtgtttatcaataaactgatggattacttccatcgcgcggccgccgtcgcccctaactactttatgaacgccgtactcaatcccaagtggctgccccctcaggggttttacacgggcgtgtatgacctgccggagaccgatgacggttttgtgtgggacgagtctaacgatgccttgtctgaggcgggagccgctgtttacaacaccccagcccctgcgtcggtgggaaaaaaggaaggcggggacgatgtgtggcgggaaatgaatcttccatctttgccgccgcctaagcgcgtcaggacaccctcatccgtgggaagcgattacagccgtggtagggtgcgcagccgcagctttagaggaccttcagactttgaggcggagcttgacaggttgctcaacaacaagaacgtaaacgagaccagatatgccatgaacaatgacttggaaaacttggtagataagatgtctcgctggaagacatatgctcaggagatgagggacctttccgacgtgcgcccgaaagaggaggaagaggaggaggactggcggcgggacaggtttctcaagtttgagggtagcgggctgaagcccaacatgtttgcgcacctgagacccaagggcgtcaagaaataa,0.666666666666667,1.60869565217391,1.33333333333333,0.391304347826087,0.387096774193548,1.29032258064516,1.67741935483871,0.645161290322581,0.638297872340426,2.09302325581395,1.53191489361702,0.27906976744186,0.230769230769231,2.07692307692308,1,0.692307692307692,0.260869565217391,1.5,1.73913043478261,0.5,0.588235294117647,1.64705882352941,0.705882352941177,1.05882352941176,0.51063829787234,2.04255319148936,0.51063829787234,0.765957446808511,0.315789473684211,1.05263157894737,2,0.842105263157895,0.333333333333333,1.15384615384615,1.66666666666667,0.846153846153846,0,2.30769230769231,0.923076923076923,0.769230769230769,0.827586206896552,1.24137931034483,1.10344827586207,0.827586206896552,0.4,0.7,2.5,0.4,3,1.3,0,0.7,0.558139534883721,1.3953488372093,0.558139534883721,1.11627906976744,0,NA,1,NA,0.315789473684211,0.521739130434783,1.47368421052632,1.47826086956522
Porcine adenovirus 5,Varidnaviria,PAdVCgp11,vertebrates,NC_002702,NP_108662_11,atgaaaagagcgtccgatcctcctccctcttacgagagtgtggtgggaagcctggatcctctgtttgtgccgccgcggtacctgggtccgacggagggaagaagcagcattcgttattctcagttctcccccctctatgacaccaccaagttgtacttcatcgacaataagtccgccgatatcgccaccctcaactaccaaaacaaccacagcaacttcctcaccagcgtagttcagaacagcgattttacccccctggaggctagcacgcagacgatcaattttgacgataggtctcggtggggagccgagtttaagaccatccttcacaccaacatgccgaacgtcaccgcttttatgttcagcaactccttccgggttcgcgtcatgaccgccaagagcggtggcgtggccacctatgattgggtgacgctgagcataccggagggcaatttctccgacatcacggtcattgacctcatgaataatgccatcacggagcactatctggccgtggggcggcagaacggcgtcgaggtgtctgacataggggtcaagatagacaccagaaacttccgtctggggtttgaccccgtgaccggattagtcatgcccgggaagtacaccaacatggcctttcacccagatatcgttttggcgccgggctgcgccatcgatttcaccaccagccgcctcaacaacctgttggggatacggaagcggtacccttttcaggaaggcttcatcatcacctacgaggatctcgtggggggcaacatcccggccctgttagatgtggagaattacgacgaggccgaccccaataccattcagcctttgaggcatgactccaagaacaggtcttaccacgtcggagaggattcgtcggccggggaaaccttcacctggtaccgcagctggtacctggcatacaactacggggcggacacgggtatacgtagcaccacgctcctcgtgagcacggatgtcacgtgtggggcggagcaggtgtactggagcgtccccggcatgtataccgagccggtgacgtttcgcgccagtcagaacgtgtccaattaccctgtggtgggggcggagctcctgcccctgatgtctaggagctattacaatgctcaagcggtgtatgctcagatgattcaagaatccactaatcagaccctggtttttaaccgctttcccgaaaaccagattttggtgcggccgcctgaatccactatcaccagcatcagtgaaaacgttccaacgcagaccgaccacgggactttgcccataagaaacagtatctcgggggtccagcgtgtgactctcacggacgcgcgccgccgagcctgtccctacgtttacaaaagcatagccatagctcagcccaaggtcctctctagcaagaccttctag,0.333333333333333,1.35483870967742,1.66666666666667,0.645161290322581,0,2.38095238095238,1.23809523809524,0.380952380952381,0.888888888888889,2.71428571428571,0.888888888888889,0.571428571428571,0.888888888888889,1.55555555555556,1,0.555555555555556,0.352941176470588,1.71428571428571,1.64705882352941,0.285714285714286,0.266666666666667,1.6,1.2,0.933333333333333,0.222222222222222,1.55555555555556,1.55555555555556,0.888888888888889,0,2,2.36363636363636,0.181818181818182,0.6,1.07692307692308,1.4,0.923076923076923,0.142857142857143,2.14285714285714,1,0.714285714285714,0.740740740740741,1.03703703703704,1.77777777777778,0.444444444444444,0.108108108108108,1.18918918918919,2.05405405405405,0.648648648648649,0,1.44,3,0.56,0,1.28571428571429,0.428571428571429,1,0,0.666666666666667,1,1.33333333333333,0.363636363636364,1,1.09090909090909,1
Porcine adenovirus 5,Varidnaviria,PAdVCgp12,vertebrates,NC_002702,NP_108663_12,atggccgttctcatttctcctagcaataactccggctggggtctgggttgccgcggcatgtacggcggcgcccgctccatgtccgagactcacccggtgctggtgaggaggcactaccgcgcctcatggggcagcaggaaggggcgagctcctagcgcgcgcatgacgatcacggacgaccccgtggccgacgtggtgaacgccatcggccctggccggaggcggcgtagacgctccaggctcagaagcgccagggtggccattcgctcggcctccaggagcgtgcgcgcggccagagccctgctgcggcgagcgaggcgacgtctggccctccgtgggcgcatgcgcatcaccagcgacccggtggcggatgtggtcagggccgtgcaggcgaccgtgactcagacagcacccgcggcccccgccgcgccggcggtggtcgtctccgcccctcgtcgcagcgccagaatcgccgctcgtagtgtcgctgggtcgggcaacatcgtctgggtccgccgtcgctga,0,1.5,2,0.5,0.571428571428571,1.14285714285714,1.14285714285714,1.14285714285714,0.648648648648649,2.33333333333333,1.45945945945946,0.333333333333333,0,2.14285714285714,1,0.857142857142857,0,2,2,0,0,1.2,1.2,1.6,0.486486486486487,1.94594594594595,0.486486486486487,0.972972972972973,0,2.25,3.75,0,0,1.6,2,0.4,0.137931034482759,2.3448275862069,1.10344827586207,0.413793103448276,0,2.46153846153846,0.923076923076923,0.615384615384615,0,1.26315789473684,2.52631578947368,0.210526315789474,0,2,0,0,0.333333333333333,2,0.666666666666667,0.333333333333333,3,2,1,0,0,NA,0,NA
Porcine adenovirus 5,Varidnaviria,PAdVCgp13,vertebrates,NC_002702,NP_108664_13,atgtcctcgcgaaaaatcaaagaagagatgcttgagatcgtggcgccagagatctatggccggcgccggaggggtgttaagatcgagactaagattaagtccgagcccttaaagcaagagataaagtccaggcgcaagaggaagcgcgctggcatggactcgctagatgaggtggaggtggtgggcgtcaccgccaaaaggcgtccttatcagtggaagggtcgccgcgtcaggcgcgtcctgcgccccgggacggccgtggtcttttcccctggagtcagaacccaccaacgcggctttaagagacaggccgacgagatgtatgccgacgccgacattttggaccaatacgcggccggggaaggagagtttagatacgggaagaaggctagggaggagacggcggtggttctcgacacatccaaccccacccccagtctgcagccggtgacgccgcagctgcccgtcgtcacgcctcgccaggccgctaagaggggtgccagcgccgtaaccacggtacaggtgttggcccccaaaaagcgccgcatagaccaggtggccacggatgatgttttcatgaggcccaccgtcgttcctgaaaacctgaccgagatgtctgaggttcccccggggacggcctttcttttgcccgccagggccgttgctaggcccagacggcgcagggttccagttgcatcaaacatggattccattatgatagtggacgagggccccaaacccgccgaaccgatgattgtagaggaggtcaaggtgagggacgtgaagcccgtggcccccggaataggcgttcagacgatcgatgtcaaagtgcccgtgaagaaaccggaaatggtggacataggcgtggaaaccgatagaaccccttacaccaacatccgtcttcacccctcccagctagggattcctaaatcgtccagggtgaggcggactactcgcaggcgcagacgcagagtaaggtccaggcccgcctacgcccccctcccgcctcaggctccgcccaccagaccccgtcgtctgccacggtctcgcatcctgcttccggctgtgcgctatcatccgagtatccgctctgacccccggacggagacggccatctggcgttga,0.666666666666667,2,1.33333333333333,0,0.166666666666667,1.66666666666667,1.66666666666667,0.5,0.872727272727273,0.315789473684211,1.85454545454545,0.631578947368421,0.789473684210526,1.42105263157895,1,0.789473684210526,0.461538461538462,1.33333333333333,1.53846153846154,0.666666666666667,0.3,2.1,0.9,0.7,0.109090909090909,1.96363636363636,0.654545454545455,0.545454545454545,0.666666666666667,0.666666666666667,2,1.33333333333333,0.5,1.29411764705882,1.5,0.705882352941177,0.137931034482759,2.62068965517241,0.413793103448276,0.827586206896552,0.666666666666667,1.55555555555556,1.11111111111111,0.666666666666667,0.380952380952381,0.952380952380952,1.80952380952381,0.857142857142857,0,1,0,1,0.315789473684211,2.84210526315789,0.947368421052632,0.947368421052632,3,NA,1,NA,0.333333333333333,0.4,1,1.6
Porcine adenovirus 5,Varidnaviria,PAdVCgp14,vertebrates,NC_002702,NP_108665_14,atgaccggagttcagcgactcacctatcgggttcgcgtcccagtgtcgacccgcatcacccgataccgacgcaacggaagactggtccggcggcctttgcgtcgccagcggatgagcggaggctttttgccggcgctggttccgatcattgccgcggccatcggggccgttccgggcatcgcttctgtggccttgcaggcttccagacgttaa,NA,2,NA,0,0,4,0,0,0.8,1.5,0,0,0,2.4,1,0.6,0,NA,2,NA,0.8,0,2.4,0.8,1.2,1.6,1.6,0.8,0,1,2,0,NA,NA,NA,NA,0,2,1,1,2,1.33333333333333,0.666666666666667,0,0,1,1,2,3,1,0,1,0,1.5,1.5,1.5,0,NA,NA,NA,0,0,3,2
Porcine adenovirus 5,Varidnaviria,PAdVCgp15,vertebrates,NC_002702,NP_108666_15,atggaagacataaatttctcggccttggcccccaaatacgggtcgcgtcccctgcttagcgagtggtccgacatcggcaccagttccatgaacggtggcgctttcaactggggcggtctgtggagcggtctgaaaaattttggcagctccatctactcccttggcagtcgagcctggaacagcaacaccggtcagatgctgcgtcagcagcttaaggacaccaatttacaggacaaactagttcagggcatcgcctccggtatccacggcgccgtggatctggcgaaccaggagattcaaagagccgttcagaagcgactggaatctcgaccggtgccagatgcgctggtggaagaggtcaggttgccggcggaggagatgattgtggaacagccttcgcccggctcgagcgtcggcgctactgtggagagtgtcagcaagaagcgcccgtctgacacggaggagctggtcatccgttccgaagccccgccttcctatgacgacctttaccccaacaccccctcccccgcgtccgtgacttccgcacccacagcggtgccccccgccgcccccgtggtgattcctcagcgcagaccggcctccgtggctcgtccccctagacagaatcgaggatggcagggaaccctgaatagcatcgtgggattaggtgtgagaagtgtgaaacgaagacgctgtttttaa,1,1.09090909090909,1,0.909090909090909,0.444444444444444,2.22222222222222,0.444444444444444,0.888888888888889,1.66666666666667,1.5,0.333333333333333,0.857142857142857,0.3,1.8,1,0.9,0.166666666666667,2,1.83333333333333,0,0.19047619047619,2.0952380952381,0.952380952380952,0.761904761904762,1.66666666666667,1,0,1.33333333333333,0.333333333333333,0,3,1.33333333333333,0.769230769230769,1.55555555555556,1.23076923076923,0.444444444444444,0.210526315789474,2.10526315789474,1.05263157894737,0.631578947368421,0.631578947368421,1.89473684210526,0.210526315789474,1.26315789473684,0,0.842105263157895,2.73684210526316,0.421052631578947,3,1.5,0,0.5,0,2.35714285714286,0.857142857142857,0.428571428571429,0,0,1,2,0.666666666666667,1,0.666666666666667,1
Porcine adenovirus 5,Varidnaviria,PAdVCgp16,vertebrates,NC_002702,NP_108667_16,atggcgacaccttcgatgatgccccagtggtcgtacatgcacatcgccggccaggacgcctccgagtacctgtcccccggcctagtgcagttcgcccaggccacagagacctactttaagctgggcaacaagtttaggaaccccaccgttgcgcccactcacgatgtgaccacggagcgttcgcagcggctacagctgcggtttgtgccggtggacagagaagacacgcagtacacatacaagacgaggttccagctggcggttggcgacaacagggtgctggacatggccagcacctactttgacattcggggggtgatcgacagaggccccagcttcaaaccctacagcggcaccgcttacaaccccttggcccccaaagcttccgtcaataacacaatgtttgagaacagcaacaaccctgaccaaataaggtcgatggcgcaggcttcttttgcaacacccataaatgatgatacaggtgcaattgaaataccaaatcaaataattgatttaaattatcagcccgaaccacaacttggtgaagagagttgggtatctgatgttatagataaaccaacacaagccgctggaaggattcttagtgctaacaatgacccaattccttgctacggttcttatgcgagaccaactaaccaaaatggaggacaggccacagcggccgttgaaaccattaactttaaagcaggcaacgctgctggaattccagacacaggatttgtcatggaggacgttaacctgactgctcctgacacacatcttgtgtacaaagtatctgaagaagatgctggaaaaacaccagctttaggacaacaggctgctccaaacagagcaaactacattggtttcagagataatttcatagggttaatgtactataacagcaatggaaatcttggagtgttggcaggtcaggcttctcaacttaacgccgttgttgacttgcaggacagaaacacagaattgtcatatcagttgatgttggatagtttgtatgacagaagtaggtatttcagtatgtggaatcaggctattgattcttacgatcaggatgtgcgcgtcattgaaaataatggcgttgaggatgatatgcctaattattgttttcctttaagtggcataaacaccggagctacttctgttcaagtatcattgaatcaaaataactgggtagctacaaacggtgcttctgttaataattacataaacattggtaacttggactgcatggaaatcaacctagccgccaacctatggagaggtttcctgtactccaacatcgccctttacttgcctgatgacctgaagttcacacctccgaatgtcgtgctgccggaaaacaccaacacctatgcctacatgaacggcagactcccagcaggagggttggtggacacttatgtcaacatcggtgccaggtggtccctcgatgtcatggataacgtcaacccattcaatcatcacagaaatgccggactgcgctacaggtcccagcttctggggaacggcagatactgccagtttcacatccaggttcctcagaaattttttgccatcagaaaccttttacttcttccggggacatacacctacgagtggtcttttcgtaaagatgtcaacatggttcttcagagcaccctggggaacgatctcagggtcgacggcgcttccatcagaatagacagcgtgaacttgtacgccagcttcttccccatggcccacaacacggcttctactctggaggccatgttgagaaacgacaccaacgatcagtcctttattgattacctgtcgtcagcgaacatgctgtaccccatccccgccggggcttctaacctgcccatctccattccttctcgcaactgggccgcctttaggggttggagttttacgcgcctcaaacaaagagaaacgccggctctggggtcgccgtttgatccctacttcacgtattcagggaccatcccctacctggatggcactttctacctcaaccacacgttcagaagggtttccatccagtttgactcctccgtgcagtggcccggcaatgacagacttctcactcctaacgagttcgagataaaacgaacagtggacggggaaggatacaccgtggcccagtccaacatgaccaaagactggttcctggtgcagatgctggctaactataacataggttatcaaggataccacctccctgacggttacaaggaccgaaactactccttcctgagaaatttccaacccatgtgtcgccaagtggtggacacggccaactatgccgcttaccaaaacgtcatgctgacaaaccagcacaacaattcaggattctcagggtttgccagcgccgctcttccccgagaaggccatccttacccagctaactggccctatcctctcgtgggagctaatgccgttcctaccatcacacagaggaagtttttgtgcgacagaaccatgtggaggattccgttctcctccaactttatgtccatgggatcgctcacagacctcggtcagaacctattgtatgctaactccgctcatgcgttggacatgacgttcgaggtggatgcgatggaggagcctactctgctctacattctgtttgaagtgtttgatcttgtgcgtgtacaccagccacacagaggcgtcatcgagaccgtgtacctcagaaccccattctctgccggtaacgcgaccacataa,1.29411764705882,1.41463414634146,0.705882352941177,0.585365853658537,1.35593220338983,1.35593220338983,0.677966101694915,0.610169491525424,2.625,0.9,1.625,0.7,0.825,1.05,1,1.125,0.622222222222222,1.42857142857143,1.37777777777778,0.571428571428571,0.928571428571429,1.42857142857143,0.5,1.14285714285714,0.375,0.625,0.375,0.375,0.394736842105263,0.947368421052632,1.89473684210526,1.10526315789474,1,1.10714285714286,1,0.892857142857143,0.324324324324324,1.62162162162162,0.540540540540541,1.51351351351351,1.17241379310345,1.10344827586207,0.758620689655172,0.96551724137931,0.377358490566038,0.830188679245283,1.73584905660377,1.05660377358491,3,1.4,0,0.6,0.6,1.8,0.7,1.3,0,1.33333333333333,1,0.666666666666667,0.394736842105263,0.977777777777778,1.26315789473684,1.02222222222222
Porcine adenovirus 5,Varidnaviria,PAdVCgp17,vertebrates,NC_002702,NP_108668_17,atgggttccacagaagaggaactacgcgccatcgtgagagaccttggcgtgggtgcctacttcctgggaacatttgacaaccggtttccaggtttcctaaacaaggacaaaatgagctgtgccattgtaaacaccgatgccagagaaacgggtggtaggcactggctggccctggcgtggtacccacccaagagaagagtgtacttcttcgacccatttggtttttcagacgccaagctaaaacaaatttaccattttgagtacgaaggactacttaagaggagcgccctcaatggcgaccgttgtgtggagttagaaaagagcacggacaccgtgcagggtccctacagcgccgcctgtgggcttttttgttgcatgttcttacacgcctttgtcaactggccccacacaccaatggaccgcaaccctaccatggacctactcactggagtccccaacggatgtctcatgttgcccaaatgtcaggacattttaaggcaaaatcaagcgaacctgtatcgttttttggcccatcattcctcgtactttcgctcacaccgcccccagattgaacgcaatacggcttttgataaaatgattcaagaatctcaataa,0.888888888888889,1.4,1.11111111111111,0.6,1.2,1.2,1.2,0.4,1.6,2.4,1.2,0,0,0.5,1,2.5,1.25,1.14285714285714,0.75,0.857142857142857,1.45454545454545,2.18181818181818,0,0.363636363636364,0,2,0.4,0.8,1.5,0.9,1.2,0.9,1.4,1.66666666666667,0.6,0.333333333333333,0,3.14285714285714,0.571428571428571,0.285714285714286,1.14285714285714,0.571428571428571,0.285714285714286,2,0.5,1,2.5,0,3,1.75,0,0.25,1.2,1.2,0.6,0.6,0,0.285714285714286,1,1.71428571428571,0.9,0.666666666666667,0.6,1.33333333333333
Porcine adenovirus 5,Varidnaviria,PAdVCgp18,vertebrates,NC_002702,NP_108669_18,atgcgtttcgtgactttcttctcgattctccatctagaaaagatgagccgcaatcactatgaggatgtctccgacagcagcgccgacgacgagcccaggctcgtcatcgacgaccaaccaaagcctaagaagatagcgaggagaaggaaggccgacggagacaaacttgatggagcggccaagtcccacgatgaaagcaacaagaaacgagctagggtgctgtcagacacggacgaggagacaccttccacgtccgtcaaatcctcaaagctccttctggatagaaacgaggtgaagtggcagaaggccatggatgtggccatgagtcttatggtgcctctgaaggtagacaccaaggatcttaccttgctgccggaccacgctaccatggaatgctttaaaaaggcagcgcaggcctggatgagcgatcgaaagaaattcatccagctgaccttctccactcaaaagtctcttctaacggtgatggccaggtttctgttcgattttgtgatcagagaagcagagctaaatacaccggattggaacccgacgggatgtgtggtgtggaaccacaagtgcggagacagacttcactgtctgcatggaatggccatgataaacaaggagcagttggtggagatggatatcaacagcgaaaacgggcagagagctctcaaggaaaccccagagaaggccaagattgtcaccaacagatggggacgcagtgtggtgcagatccgcaacagcgacgccatgtgctgcgttaacgacgcaaaatcgcccatcaatactttcagtcctcagtcttgcggctatttctactctgacgggccaaaagctgtcaccgctttccgccagatcgccgccttcgtcaaggccatctatcccaacatggcaacggccgagtctcacctcctcatgcctctggtctgcgagtgcaactacggagccaaccacctgccgcttcttggcaagcaaacgtgcaaggtgaccccgtttgccatgtctacggcgggcaacatcgacagaaacctgattgacgacccgaaggttttagccactctcgaccacccagcggtgctcgtgtttcagtgctgcaacccagtgtttagaaacaccaaggccaaccctcagaagaattgtgatttcaagataagctccacggatgtggtgtctgcgctgcagctcgccaagcaaatgtggcagaatatcatcggaaccaaggtcaacctgtctgttccagaattcagatggcacccgcagtatcaggttcagaacaccatcctacccaccgggcagcatgacgacgacgattgtctgttctaa,0.388888888888889,1.6,1.61111111111111,0.4,0.307692307692308,1.84615384615385,1.23076923076923,0.615384615384615,2.57142857142857,1.6551724137931,1.42857142857143,0.620689655172414,0.5,2,1,0.5,0.4,1.5,1.6,0.5,1.04347826086957,0.695652173913043,1.21739130434783,1.04347826086957,0.571428571428571,1.14285714285714,0,0.285714285714286,0.648648648648649,1.45945945945946,2.10810810810811,1.2972972972973,0.777777777777778,1.25714285714286,1.22222222222222,0.742857142857143,0.470588235294118,2.23529411764706,0.705882352941177,0.588235294117647,2.28571428571429,0.857142857142857,0.857142857142857,0,0.129032258064516,1.03225806451613,2.32258064516129,0.516129032258065,3,0.666666666666667,0,1.33333333333333,0.413793103448276,1.44827586206897,0.413793103448276,1.44827586206897,0,1.42857142857143,1,0.571428571428571,0.162162162162162,1.36842105263158,0.324324324324324,0.631578947368421
Porcine adenovirus 5,Varidnaviria,PAdVCgp19,vertebrates,NC_002702,NP_108670_19,atggagaatcgagaagaaagtcacgaaacgcattcgaacgcgtctgaaggggatctaaggctagaggatgctctagaacctactccagagcaggaggaagctccagttatggagctttatatcaacgatgacatactgaagaggcatcttgaaaggcagagccgaattgtcaaggagagtttagaggatagattggaaatacccaccacggtgtcggagctgagtcaggcttatgaaatcaatcttttttctccgaaaattcctccaaagaaacaagagaacggaacgtgcgagcccaaccccagaatcaatttctaccctcccttcctgatcgccgaggctctagccacctaccacattttcttcttcaaccacaagatacccctttcctgcagggccaacagaccctctgcagatagggacctcttgctcactcaaggagccaccttacctgattatcctacaacggaccgtgtgtccaaaatctttgagggtttagacgctaaagagcctctggcggacaacgctctgcaagacaagcaagacagcgccttagtggaactgaaaaacgattcccccaggctggcggttataaagagaagtacgtcgctgacgcacttcgcttatcccgccataaatctgccgccaaaagtcatgagttgcgtcatggaagatttaatcgtgaaaaaactggaaaggttaaaggaggacgagccacaggaagaaggcgggcttcccgtggtaagcgacgaggaactctcccgctggttgggctctaacgacgccgccctattggaggagcgccgaaaaacaatgctggctgttgttttggtcaccgtccaattggagtgcatgaaaagaatgtttaccagccgattcatgatgaaaaaaataggcgagacggtgcactacacattcaggcatggctacgtgaagcaggcttgtaagatttcgaacgtggagctgcccaacctcgtctcctacatgggaattttgcacgaaaacagactcggccaacacgtactccacaactccttaaagggggaggccaggcgagattacatcagggacaccatctttctcatgctgctgtacagctggcaaacggggatgggggtgtggcaacagtgtttggagagcgaaaacgtcaaggaactgtcaaaaattctcaagagacacaagaggagtctctggtcaggatttgacgaaaggaccatagctagtgatctggccaatctcatctttccggaaaaacttctttccacgctacaagcttctctgccagatttaacgagccaaagcatgatgcagcaatttagaaactttaccctcgaaaggtctggcattcttccggcctgctgcaacgcctttcccacggactttgtacccatcacctataaagaatgcccaccccctctctggggatactgctacctcatgaggctggccaactttatcatgttccacaccgatgtggcttacaacatggaaggggagggcttgttcgaatgctattgccggtgcaacctttgcacccctcaccgatgcttggccaccaacaccgccctgttaaacgaggttcaggccatcggcactttcgaacttcaaggtccaccaaacgaggatgggtccatgccacacccactcaaactcacggccggcgcctggacgagcgcctaccttaaaaagtttgaggaaaaagactactgtcaccacaccatccaattttacgaagaccaatcaaaagcacccaaagcagagttgaccgcctgtgtcatcactcaagccgccatcctcgcccaattacatgacattaaaaaagcgcgggaaaacttcctccttaaaaaggggcacggggtatacctcgacccacagaccggagaggaactcaacacgtccaccccctccgccgccaacaatgccgaagctaaaaactcctcgaccgggttccctaaatctgacaaaccccatcatgaagaagagcagaaaaaccaaacagattctgccgccgcctcctccaactccagaagaagaggagattatagacgaggaggccgaggaatgggacgaagagagcatggattctcaggaaggattggaaaccatcgaagagctggaggaaggggaaatccctcctacccctccaaccattcccaaaaagcagcgtag,1.30232558139535,1.62162162162162,0.697674418604651,0.378378378378378,0.4,1.8,1.4,0.4,1.86666666666667,1.08,2.13333333333333,0.84,0.67741935483871,1.45161290322581,1,0.870967741935484,1.28571428571429,1.25,0.714285714285714,0.75,1.11627906976744,1.67441860465116,0.372093023255814,0.837209302325581,1.33333333333333,0.266666666666667,0.266666666666667,0.133333333333333,0.467532467532468,1.48051948051948,1.48051948051948,0.935064935064935,1.01587301587302,1.09090909090909,0.984126984126984,0.909090909090909,0.307692307692308,2.23076923076923,0.384615384615385,1.07692307692308,1.68421052631579,1.05263157894737,1.05263157894737,0.210526315789474,0.592592592592593,1.18518518518519,1.48148148148148,0.740740740740741,0,1.36363636363636,3,0.636363636363636,0.48,2.04,0.6,0.96,0,1.52941176470588,1,0.470588235294118,0.779220779220779,1.03703703703704,0.857142857142857,0.962962962962963
Porcine adenovirus 5,Varidnaviria,PAdVCgp20,vertebrates,NC_002702,NP_108671_20,atgacattaaaaaagcgcgggaaaacttcctccttaaaaaggggcacggggtatacctcgacccacagaccggagaggaactcaacacgtccaccccctccgccgccaacaatgccgaagctaaaaactcctcgaccgggttccctaaatctgacaaaccccatcatgaagaagagcagaaaaaccaaacagattctgccgccgcctcctccaactccagaagaagaggagattatagacgaggaggccgaggaatgggacgaagagagcatggattctcaggaaggattggaaaccatcgaagagctggaggaaggggaaatccctcctacccctccaaccattcccaaaaagcagcgtagatgggatcagaaacccgaattgatcaacgcgcagaccggaggtaaggccgagtcaagatataagtcctggcgcagatacaaaaatattatttataaaaccctgatggccagcggctacgacgtctctttcgcgcgccgctatcttctgttcagacacggggtcaatattccgaaaaatgtaatccattactacaattcccactgcagaaaccaagaccccgaagaagtctggaaggaaatccatccagtctgccaatatatccaaagaaccagcgacgaccagagcgctaagagctag,1.1,0.888888888888889,0.9,1.11111111111111,0.941176470588235,2.11764705882353,0.235294117647059,0.705882352941177,2.82352941176471,2.25,0.705882352941177,0,0.214285714285714,1.5,1,1.28571428571429,0.666666666666667,1.2,1.33333333333333,0.8,0.923076923076923,0.769230769230769,1.23076923076923,1.07692307692308,0.352941176470588,1.41176470588235,0,0.705882352941177,1,0,2.5,0.5,1.1304347826087,1.5,0.869565217391304,0.5,0,2,1.33333333333333,0.666666666666667,0.8,0.8,1.6,0.8,0.8,3.2,0,0,0,0.888888888888889,3,1.11111111111111,0.75,1.875,0.375,0.75,0,2,1,0,1,2,1,0
Porcine adenovirus 5,Varidnaviria,PAdVCgp21,vertebrates,NC_002702,NP_108672_21,atgagtaaagacatccccaccccttacgtgtggacctatcagcctcagctaggtcaggcggctggcgcgtcacaagactactccacccgcatgaattggctaagtgccggaccgtcaatgattgaccaggtgaatcagataagggtggaacgcaataatattttattgcggcaggcggcggccacggagacgcccaggttagtgcggaatccacccaactggcccgcacgctacctgtaccagcccatgggtgcgccgcaaacagtggaacttccgcgtaatgagttactcgaaaccgtcatgactaactctggaatgcagttggcgggcggaggtcgcactacctgcggtataaaaggagcacacctgagcggctcaggtattcagctcaacggagagctaccgagcgcctcttggctgagacctgacggagtcttccagctagctggtggcagccgttcttctttcagcccaggcgtcagcactctgctgagactagaaccatcttcctccctaccgagatccggtgggattggaagcacccaattcgttcaagagtttgttccagccgtctactttcagcctttctccggaccacctggaacatatcctgacgaattcatctacaactacgacatagtctctgactctgtcgacggttatgactga,2,0.8,0,1.2,0.615384615384615,1.84615384615385,0.615384615384615,0.923076923076923,1.38461538461538,1.56521739130435,0.923076923076923,0.521739130434783,1,0.666666666666667,1,1.33333333333333,0.533333333333333,2,1.46666666666667,0,0.952380952380952,0.952380952380952,0.952380952380952,1.14285714285714,0,1.84615384615385,0.923076923076923,0.923076923076923,1.89473684210526,0.631578947368421,1.57894736842105,0.315789473684211,1.11111111111111,2,0.888888888888889,0,0.571428571428571,1.14285714285714,1.71428571428571,0.571428571428571,1.56521739130435,0.869565217391304,0.173913043478261,1.39130434782609,0,1.84615384615385,1.53846153846154,0.615384615384615,0,1.4,0,0.6,0.782608695652174,1.30434782608696,0,1.82608695652174,3,2,1,0,0.947368421052632,1.42857142857143,0.631578947368421,0.571428571428571
Porcine adenovirus 5,Varidnaviria,PAdVCgp22,vertebrates,NC_002702,NP_108673_22,atgactgatagagacgccagacttgctgtcaccgctctctcatccctgcatcaagagacctgcaagagaagccactgcttcaccaaggccgacctcaacctagcctacttctgtgtgctgcccagcgaccttgaagatgattgtgtgcctgactccctccaagtcggacacgggcttcggcttgagcttccgtactgcttcaaaagctttttcatctttaagggaggaaaaaaatacctctgcagcgaacacctccaaaatggccacctcaaagtctcgtgcgactgcgcctcccctggcgcccatctcgacatgtttgacacactttgccagctgtataacaacactgctcctcgtcctgattctgtctcatctgactccgacgactga,1.14285714285714,1.5,0.857142857142857,0.5,0.666666666666667,2,0,1.33333333333333,3.6,1.84615384615385,0,0,0,3,1,0,1.5,1.33333333333333,0.5,0.666666666666667,0,0.666666666666667,0.666666666666667,2.66666666666667,0,0,1.2,1.2,0.352941176470588,2.47058823529412,1.05882352941176,2.11764705882353,1,1.42857142857143,1,0.571428571428571,0,2.5,0,1.5,2,1.33333333333333,0.666666666666667,0,0,2.66666666666667,1.33333333333333,0,0,1.5,0,0.5,0.923076923076923,1.84615384615385,0.461538461538462,0.923076923076923,3,1.55555555555556,NA,0.444444444444444,0,1.14285714285714,0,0.857142857142857
Porcine adenovirus 5,Varidnaviria,PAdVCgp23,vertebrates,NC_002702,NP_108674_23,atgattgtgtgcctgactccctccaagtcggacacgggcttcggcttgagcttccgtactgcttcaaaagctttttcatctttaagggaggaaaaaaatacctctgcagcgaacacctccaaaatggccacctcaaagtctcgtgcgactgcgcctcccctggcgcccatctcgacatgtttgacacactttgccagctgtataacaacactgctcctcgtcctgattctgtctcatctgactccgacgactgaagccgcccagccagaagtgcgcatcaaggcggtcacttacgactggctgtgtgtgcttgacatcaactgcactcaccagcagcctgtacacttaaaatggaaggggtatgattacaagacaagccatctcaccatcaaagcaaactcagacatctcagacgagcccgtcatgtgtaccacagacaaccatcccagagaaacggccactgttgacattcgagaccactgcaaatttccaccgaccgttagatacatgctgaagaaagtcctacccatctacttcacctttctgtcaggtgtgatgctatgtctcgtgtttcctgcagctagatacccatcacttctgtcggctcttccagttgccatggctagcaccacatctagcatcactactgatgtgagtactctgtcaaactactccagcgaacaatctacaaccgaacatccaaccacagcaaattcacagccttacacggccgtggagaagacactgcttgctttgattccgatcctcattgcctgcattgtaatggtgcttgttttcacatttctgctaaagaagaaacagaaggaagtaaatgacgctggagtctaccccatatacagaccaagaaggtcgtcatccatgtcaaagctaacacttattactacactgtgtttactggcaaccgcaaactgcgaaaaacactacaaatcttatgttgaaggagaaaacgcctatcttgaaaatctatttaacaactactgtgagctaaagtggtattggttttatacgagacatgagggatatgttttggcaaaacgcgatggcgaccacactcgtacatttgatttaaaaccaaaaaacatgtatgtagatgaagatacttttgacctgattataagaaacattgaagtaaaaaacactggaatgtatgaagtagaatatcactgtggcacatatacaaggtctgagtactatgtagtcacagttcttccaaacatcgcagaatcatctctaaacgttgaatctgtgtctatcaacggcagcatttgtcaaatctctttacattgtggcatcgagaacaacttagtggaaacaagaattatatatgaggacaatgtcattagtgacaacaatcttatgctcagcttgaacatctctaaagaacccagcacactcacttgctttactaacacttctaaacaatctgtaaaactaagtttgaatatatctgattattgcaaacaacctaattcaaaacatgaaaaaatcatcctaagtgaagattcttcagaaaatgaaaagaagcaaataatcgttttttcggtcacagcggcagttgcattcctaatgattattctactgataatatctttcaaaccaagactttgcttcggaactccagtatatgcagtcgtattggctgccacaggggcagaagcctcaaattgtacttgtgctgatgttaacaacgattggtcatatgtcctagttatcattctttcaactctaacttgtatcagtctaattgttggaattctaaagattatttttctttgcctcttccgctgcccaggcaatcatgatgatgatgatgtctaa,1.16666666666667,1.33333333333333,0.833333333333333,0.666666666666667,1.42372881355932,0.745762711864407,0.338983050847458,1.49152542372881,2.84210526315789,0.931034482758621,0.947368421052632,0.517241379310345,0.533333333333333,1.2,1,1.26666666666667,1,0.933333333333333,1,1.06666666666667,1.62962962962963,1.18518518518519,0.444444444444444,0.740740740740741,0.315789473684211,0.947368421052632,0,0.947368421052632,1.38461538461538,0.738461538461539,1.56923076923077,1.10769230769231,1.5,0.962962962962963,0.5,1.03703703703704,1.26315789473684,1.15789473684211,0.631578947368421,0.947368421052632,1.5,1.75,0.5,0.25,0.909090909090909,1,0.909090909090909,1.18181818181818,3,0.888888888888889,0,1.11111111111111,1.75862068965517,0.413793103448276,0.517241379310345,1.86206896551724,0,0.869565217391304,1,1.1304347826087,0.553846153846154,0.761904761904762,0.646153846153846,1.23809523809524
Porcine adenovirus 5,Varidnaviria,PAdVCgp24,vertebrates,NC_002702,NP_108675_24,atgaaacgcgcaaagagatcaatacctacagactttgatccggtttatccatacgggaacccaccacttaacataattcctccattttacagtacagatggttttcaagagttcccagttacaacactatctcttaaagtagacgaccctgttaccttttccaacactgggggcatcacactgaaattgggtggtggtgttagcatcaaccaaaacggagaactagaatcatcgtccgtaccaactatactaaatccaccacttgacaattccaacggatcccttagcttaaatataggagagggtttacaggaaagcaatggagcacttgtactctacaaagaaccaccattcattttctcaagcaacgcgctaggtatagatttgggtaatggcatgcagctatcggcagataaactgtcactaaaattgggaaacggcttatccttttcatcagatggctccttacaagttcaaacttcaccgcctctgataaatgggtcaagtattggtctaaacatcgcaaaccctttttcaatagactcaaatcaggcattgtctttgcaaacggaatcatatttttctacaaacaactcactttctttaaatgttggagatggattgcaaaccacaaacaaccagctatcgcttcaggtgtcaccttactttgggttttcatctgggtccctgtccttatccattgctaacatgatgaacctcaggaacaacactctaggagtaaatgttggcaacggcctgtttgttaatccttcgaacgcaatagctgtcaatgttagagcgcctttaaactatagcggtactacaaaatccgtaaccgttgtagccggaccaggcctcaccatcagcggggaaacacttggctctgatataagagtgaatgctggcaatgggttgtttgctgatacacaaaatgtaagggtaaaactaggtgccgggcttatttttgactcaaatggaaatattcaagtaaatgtgggttctggattgcaaatacagaacaatgctgtggtggtggcctcatctaccaacacctcctcatccattgcaagttactcagcaagttcagcatctactcccacatcgacatcgcccactagcgggacatatctctacaactatcaaatagcctttagttgggacattgtagaaaccgatcaaaactatttcatctacacgctcagatgcaccgagattacgcctcaaaataatcaggtcgaactcagcttcacaccgacagacccaaactttataagtttctttgactacataaacacgatgcacaccgttgcgcatcaaatttctggttctactgtaaccaatatacccatcaccgtgacgtacagtaattctagcaaccaactgaggattatcttctcctccacggtggttaaaaacctaacaatgacaccttgggtggcgagcgttgtcaggcataaagcaaccattactagtggaagtgcgtggatgggcacggcttggtag,1.81818181818182,1.13725490196078,0.181818181818182,0.862745098039216,1.51111111111111,1.06666666666667,0.622222222222222,0.8,2.66666666666667,0.857142857142857,2.66666666666667,0.771428571428571,1.27272727272727,0.636363636363636,1,1.09090909090909,1.33333333333333,0.666666666666667,0.666666666666667,1.33333333333333,1.71428571428571,0.428571428571429,0.428571428571429,1.42857142857143,0,0.666666666666667,0,0,1.40425531914894,0.765957446808511,0.765957446808511,1.14893617021277,1.45454545454545,1,0.545454545454545,1,1.6,0.64,0.8,0.96,1.11627906976744,0.930232558139535,0.837209302325581,1.11627906976744,1.22222222222222,0.333333333333333,1,1.44444444444444,0,1.2,3,0.8,1.62857142857143,1.2,0.514285714285714,1.02857142857143,0,2,1,0,0.893617021276596,0.636363636363636,1.02127659574468,1.36363636363636
Porcine adenovirus 5,Varidnaviria,PAdVCgp25,vertebrates,NC_002702,NP_108676_25,atgtctcatatgggacgaggagacgaaacccacgctggagcttcggttgaaacagagggcgcctgtggaggagaaactctttgcgagaggggacctcatctgctgtgtggaaatggttcaatatcggtgcgactgcccgaaatgccgactgcttcaaaacgaaagaaacgctccacgtcacaccttctcgacatgattcctgaactggagatgcagccgcctggtttcgtgtccatcacagacgccgggtttgaatgttttgagagggccgtgaagtttcagagatggaggacgttgacgcacggacttccttttgatcggattgtttaccgcgtgaagtggactgggggagggggactaactgccagggtgatgcccgacaacaacattcatcgtaaaatgtgttacgaaataaaaataaacaagacacatgattcgtga,1,1.5,1,0.5,1.09090909090909,0.363636363636364,1.09090909090909,1.45454545454545,0.5,0,2,0,1.28571428571429,0.428571428571429,1,1.28571428571429,0,0.857142857142857,2,1.14285714285714,0,1,1,2,1.5,1,0.5,0.5,0.6,0.6,2.4,1.8,1.27272727272727,1.33333333333333,0.727272727272727,0.666666666666667,0,2.28571428571429,0,1.71428571428571,2.5,0.25,0.75,0.5,0,0,2.85714285714286,1.14285714285714,0,2,0,0,2,1.33333333333333,2,0.666666666666667,3,0.4,1,1.6,0,0.4,0.6,1.6
Porcine adenovirus 5,Varidnaviria,PAdVCgp27,vertebrates,NC_002702,NP_108677_26,atgtctcatcgaatcaggtccgatataaccaaatctccaggtcaacataaaattgtttgttatgtacaggcacccgtctcttgcctgccttttgcttttcactgtgaacttccaataccttggaaaaccattttaactgagattgaatacagattgttgaaagatggattgtgcttgggctcaagattgagtttgcaaagtggtgatgatctttttgatatagttcaagatcacgatccatttttatggagcatttgttgtcacgattataatgtaaaaagtttgagatttttagctaggattgtagtgctgaaatcaatcatgtatgaatttttacgtggaatgtctgtgaatcaagattttttgttttacagagaatttgtcaataaacgattgtgcaatagaattctgtatcaaggaagtgtgatgtttcgagggctgcatttaatttacatcagggtcaagcattggtcagatttggttcgtgtcacagagttagacattcaggacgctgtgtactgcctcggttacactagttggtatgtggtcctcatttgccgacgatgtgcagatgaggttaatgaatacatacattgctgcgctcgtagaactcgcgcacttctccgtagcatggccgatgcgtgtgatttgttagacatcagacccagcggaagggaggtagaaagacaacgcgtgttgagataccttctcaccaaacatccgtgtatttgtttgtag,1.77777777777778,0,0.222222222222222,2,0.571428571428571,1.71428571428571,0,1.71428571428571,2.25,1.125,1,1.875,0.666666666666667,0.666666666666667,1,1.66666666666667,1.5,0.666666666666667,0.5,1.33333333333333,1.5,1,0.5,1,1.25,0.5,0,1,0,0.75,0.75,0.75,1.2,0.375,0.8,1.625,1.33333333333333,0.444444444444444,0.444444444444444,1.77777777777778,1.77777777777778,0.444444444444444,0.444444444444444,1.33333333333333,0.842105263157895,1.05263157894737,1.26315789473684,0.842105263157895,0,1.16666666666667,3,0.833333333333333,1.125,0.375,0,1.5,0,0.933333333333333,1,1.06666666666667,1.3125,0,2.4375,2
Porcine adenovirus 5,Varidnaviria,PAdVCgp28,vertebrates,NC_002702,NP_108678_27,atggaagagtgggtcattccaacgaccggctatgaatgtcacaatcttagaggcaaccatggaactgatttcattacatcgccaccatcggcagtctgttttgccatgtgtttggaatttccagttccttggaagcagattctgacgagacacgaactcttgtacttggaagagtacttgtgtgactctattgagctcgaggtcagctccgtttgtacaaacgatggtcaagactgtggcaggtgtatagcgagctgggaacttcattgtcattgtcccgataagatgtcacttcaatgtttgtcagccagaaaggttattgttggactgtttagggaggttttgaatggcacttgttacaataacatgttttggttctacagagagtatgtaaacagaggaatgcctgaaagattgctgtacactggtagtgtgatgtttagaggaattcacttaattttcatcaggattttattagattcagatagcattaggataagaaagttaaattgtggggcgtgtgttttctatgagggtatgtattgcaattatctgattttgatgtgtaaatcatgtaaacacatgtctgagattcaggctagagtgtgtgccagacgcacccgtttagtgttaaagagagcctctcttttgtgcgatggctgtaaaggtggaagtttgaaagaggtttggaggcagagggagttgttgagggtgatgaagtatggaaagaatgtgtctaaatcatttattaaatttctttga,0.923076923076923,0.8,1.07692307692308,1.2,0.888888888888889,0.888888888888889,0.888888888888889,1.33333333333333,3.3,1.05882352941176,2.1,0.705882352941177,0.4,0.2,1,2.4,0.8,1.14285714285714,1.2,0.857142857142857,2.28571428571429,0.571428571428571,0,1.14285714285714,0,0.3,0,0.3,0,0.413793103448276,0.827586206896552,1.03448275862069,0.823529411764706,0.5,1.17647058823529,1.5,0.5,2,1,0.5,1.5,1.25,0.25,1,0.25,0.75,1.25,1.75,0,0.909090909090909,0,1.09090909090909,1.76470588235294,0.352941176470588,0.705882352941177,1.41176470588235,3,0.210526315789474,1,1.78947368421053,1.24137931034483,0.727272727272727,2.48275862068966,1.27272727272727
Porcine adenovirus 5,Varidnaviria,PAdVCgp30,vertebrates,NC_002702,NP_108679_28,atggtgcttcttttcaatcatgggaatgtggactaccttgtttctccaggacagagggtgtgccagttgattttggaaaaaatatccacaccggaggttttggaggttgccagcttggacgatacagacagaggtgcctccggattcggctcaactggctaa,2,0,0,2,2.66666666666667,0,0,1.33333333333333,3,1.2,3,0,1.5,0,1,1.5,0,0,2,2,2,0,2,0,0,0,0,0,0,0,0,2.57142857142857,0.666666666666667,1.5,1.33333333333333,0.5,0,4,0,0,1.33333333333333,1.33333333333333,0.666666666666667,0.666666666666667,0,0,2,2,3,2,0,0,1.2,2.4,0,1.2,0,2,NA,0,0,2,3.42857142857143,0
