virus,realm,locus_tag,host,type,shape,accession,protein_id,coding,AAA,AAC,AAG,AAT,ACA,ACC,ACG,ACT,AGA,AGC,AGG,AGT,ATA,ATC,ATG,ATT,CAA,CAC,CAG,CAT,CCA,CCC,CCG,CCT,CGA,CGC,CGG,CGT,CTA,CTC,CTG,CTT,GAA,GAC,GAG,GAT,GCA,GCC,GCG,GCT,GGA,GGC,GGG,GGT,GTA,GTC,GTG,GTT,TAA,TAC,TAG,TAT,TCA,TCC,TCG,TCT,TGA,TGC,TGG,TGT,TTA,TTC,TTG,TTT
Escherichia phage SH2026Stx1,Duplodnaviria,H3H24_gp01,bacteria,DNA,linear,NC_049919,YP_009907946_1,ttggcactgagtgacaccaaactacgaggcctatacggaaaaccctactctggccctgctgaaatcaccgatggtgacgggttaagtgtgcggattactccagcaggaactatcacgtttcagtaccgttatcgctggaatggtaagccagtacgtcttactgtcgggcgctatccgtccacttcactgaaggacgcacgtgttatcgtcggtgagatgcgcgcattgtacatgaagggagttaaccctaaaaattattttgcccccagtgatggcgaattgacattaaaagaatgcttggatcagtggtgggataagtatgttagcggcctgaaacccaatactcagacgctttatagatctgttgtgtacaacaccatgtacacacagtttgaagactcgccagttgccggtatccctgtattggcctgggctcgcttttttgacaaacaagaaagcctcaacaagaaaaaggctcgtgttctgttgttacaactgcgttcagttattaactggtgtatcagccgccagttaatcccatcatgcgaattactcaaactcagtgtaaagaatattgggaagaaaccagatgtggggagtcgcgtacttacctatacggaactggcaaagatctggctggcactggagaactcaaaagtggttacttccaacaagctgttacatcaattgctattgctatggggggctaggctttctgagctacgtctcgctacagccagtgagttcaacatggaagatctggtctggacaacccctaaagagcattcaaagatgggtaatattatccgacgtccgatatttactcaggttgagccttatattgagcgattgcttaatatcggatttgatgtgctgttcccagggcaggaaatagataaacctattgaccgttcgtctgctaatttgtacatgaaaaaactcagggcgaaaattgatattcctgaatggagaacgcatgattttaggcgttctctggtaacgaatttatctggggaaggaattatgccccacgtcactgaaaaaatgctggggcatgaactgggaggagtgatggccgtgtataataaacacgactggttgtcggaacagaaagatgcgtatgagttgtatgctgataaaattttctggcacgctaaacagctcggttaa,20,7,11,9,4,5,5,8,2,3,3,6,2,9,9,10,3,3,9,4,6,4,2,7,3,6,1,9,5,6,14,5,14,7,8,12,6,5,2,8,7,4,8,6,5,4,7,9,1,7,0,10,5,2,3,6,0,2,11,1,7,3,12,8
Escherichia phage SH2026Stx1,Duplodnaviria,H3H24_gp02,bacteria,DNA,linear,NC_049919,YP_009907947_2,atggaaatcaacttaatgaccgaaaaagaagtttctgagttgttacaaaaaaggcgcacagctttgtataatttgcgaaaaaaacacggattccctgatccagtacttactcatccggcgcgatatagccgtcaggccgttgaacaatggcttaaagccggaggaattaaccgagctgtttag,5,2,0,1,1,1,0,1,0,1,1,0,0,1,2,1,2,1,1,1,1,0,1,1,3,1,0,1,0,0,0,2,4,0,1,1,0,2,1,2,3,0,0,0,1,0,0,3,0,0,1,2,0,0,0,1,0,0,1,0,2,1,3,0
Escherichia phage SH2026Stx1,Duplodnaviria,H3H24_gp03,bacteria,DNA,linear,NC_049919,YP_009907948_3,gtgttcgtcctgatccagcgcgggcagtctttcgttgatgccaacaactatccggtagaaatatgcaaggtaactctgactcaggtgatctaccgaaggctcgacggcagaaccagagccacttcaattggtgcatttaatgaagaatttgagcgaatagagcacaacgaactgcatatgattaaagcggaaattgagaaggaaaagcatattgccagccttcgaaaaatgcgccgtacatcaatcaactaa,2,4,3,1,1,1,0,3,2,1,1,0,2,3,2,4,0,1,3,2,0,0,1,0,3,2,0,1,0,1,3,1,6,1,3,1,1,3,1,0,0,1,1,1,2,1,2,1,1,1,0,1,2,0,0,1,0,1,0,0,0,2,0,2
Escherichia phage SH2026Stx1,Duplodnaviria,H3H24_gp04,bacteria,DNA,linear,NC_049919,YP_009907949_4,gtgagcgaaattaattatcaggcactgcgtgaaaaggcagagaaagcaactaaaggaagctacatcgtagggcatacatctgttaaccagcacggcaatttaacaggagtttttgtttgccaaaaatggaaaggagaacccggtggtgtgattgcggaatgtcatgttaactgcctggttgaaacagatgttcaggcttatgcaaacgctgaatttattgctgcctttaatccaaatgttgcgctggcgcttctggatgaacgggaaagaaaccagcaatacatcaaacgccgcgaccaggagaacgaggagattgcgcttacggttgggaagctgcgtgttgagcttgaagcagcaaaatcaaaactcaacgagcagcgtgaatattacgagggagtaatcgcggatggaagtaagcgcatagcagaactggaaaaacaatgcgccgaatgggagcgaaaagcattaagcaactttgaagagtgtgctgcgatggctgaacgtatcgaagagatgcagacaaaatctgcaccagattcgtttggcatcatcggtgaaaatattcgaacacaggacaatcgaataacgtcagatcccatgttttgtgtgtatcaaaagcgcgaaatcgctgttgatgctgattatgaccatgaccggattgtctgggttgacgaagatggcaatgaagccaataaacgccatagtcgtcgtctcgagctacttcatgaaaactttcgagagccaccagaaaaatggcggcgcgttgctgtgaaagatattgatgaattcgttacctgctgtttcaccgaacagggttgtaaagactacctggcagtcaatggtcacaatcttcgcttgccatttatatatgtaaaaagcggtttcaggaacgctgaatatatcggcataagaaactggcttgctggcattcgcatcaaaggagtgaaccgccccgggtttcctggagagtgttttatctgtgaactcaggctgccagatcatcgtttccgatggaagcataataagctttttctgcttctgccggaggagtatggcccagccttcccagcaatcgtcgattgttataccagtccacccacgttagtgtggccagttccacttctgcacggtttttccagctcttacggtgtattacctccgctttgtaaagaccattga,17,11,6,11,5,3,3,1,2,5,2,3,4,11,3,8,4,3,9,8,11,4,2,2,5,9,3,7,1,3,11,10,26,7,15,12,11,4,6,10,7,6,3,8,4,3,6,14,0,5,0,9,2,1,1,3,1,4,7,9,4,5,1,12
Escherichia phage SH2026Stx1,Duplodnaviria,H3H24_gp05,bacteria,DNA,linear,NC_049919,YP_009907950_5,atggcagacatcattgattcagcatcagaaattgaagaattacagcgcaatacagcaataaaaatgcgtcgcctgaactaccagactgtatccgcaactcattgttgtgagtgtggcgatccgatagatgaacgaagacgcctggcagttcagggttgtcggacttgtgcaagttgccaggaggatctggagcttatcagtaaacagagaggttcgaagtga,2,1,1,1,1,0,0,3,2,0,0,2,2,2,2,2,0,0,5,1,0,0,1,0,1,3,1,1,0,0,3,1,4,1,3,4,6,0,0,0,0,1,0,2,1,0,0,1,0,1,0,0,2,1,1,0,1,1,0,5,1,0,0,0
Escherichia phage SH2026Stx1,Duplodnaviria,H3H24_gp06,bacteria,DNA,linear,NC_049919,YP_009907951_6,atgcatttttctggcagcgggcttcatattctgtgtgcttatgcttgccgacatggggcttgttcaatgacacctcagcaggaaaacgcccttcgcagcattgcccgtcaggctaattctgaaatcaaaaaagccagacagcagtttccggataaaaacgtcgatgacatttgccgtagcgtactgaagaagcaccgcgaaacggtaacgctgatgggattcacaccgactcatttaagtctggcgatcggcatgttaaacggcgtctttaaggagcgatga,3,3,3,1,2,0,2,1,1,3,0,1,0,2,4,3,0,1,5,4,0,0,2,1,2,2,0,2,0,0,4,2,3,1,1,2,0,3,1,4,1,3,2,0,2,2,0,0,0,0,0,1,1,0,0,2,1,2,0,2,2,1,0,3
Escherichia phage SH2026Stx1,Duplodnaviria,H3H24_gp07,bacteria,DNA,linear,NC_049919,YP_009907952_7,atgcacaaagcatctcctgttgaattaagaacgagtatcgggatggcacatagcctcgctcaaattggagtcaggtttgtgccaataccagtagaaacagacgaagaatttcatacgttagccgcatccctttcacaaaagctggaaatgatggtggcgaaagcagaagcagatgagagagaccaggtatga,2,0,1,0,1,0,2,0,2,1,1,1,1,1,4,1,2,1,1,2,2,0,0,1,0,0,0,0,0,1,1,1,6,2,1,1,5,1,1,1,1,0,1,0,2,1,2,1,0,0,0,0,1,1,0,1,1,0,0,0,2,0,0,2
Escherichia phage SH2026Stx1,Duplodnaviria,H3H24_gp08,bacteria,DNA,linear,NC_049919,YP_009907953_8,atgaagcatcctcacgataatatccgggtaggcgcgatcactttcgtctactccgttacaaagcgaggctgggtatttcccggtctttctgttatccgaaatccactgaaagcacagcggctggctgaagagataaataataaacgaggggctgtatgcacaaagcatctcctgttgaattaa,2,0,3,5,2,0,0,1,0,0,0,0,1,3,1,0,0,1,1,2,1,1,0,1,3,0,2,0,0,1,3,1,1,0,1,1,1,0,1,2,0,2,1,1,3,1,0,2,1,1,0,0,0,1,0,1,0,1,1,0,0,1,1,1
Escherichia phage SH2026Stx1,Duplodnaviria,H3H24_gp09,bacteria,DNA,linear,NC_049919,YP_009907954_9,atgacaccggacattatcctgcagcgtaccgggatcgacgtgagagctgtcgaacagggggatgatgcgtggcacaaattacggctcggcgtcatcaccgcttcagaagttcacaatgtgatagcaaaaccccgctccggaaagaaatggcctgacatgaaaatgtcctacttccacaccctgcttgccgaggtttgcaccggtgtggctccggaagttaacgctaaggcgctggcctggggaaaacagtacgagaacgacgccagagtcctgtttgagtttacttccggcgtgaatgttactgaatccccgatcatctatcgcgacgaaagtatgcgcaccgcctgctctcccgatggtttatgcagtgacggcaatggccttgagctgaaatgcccgtttacctcccgggatttcatgaagttccggctcggtggtttcgaggccataaagtcggcttacatggcccaggtgcagtacagcatgtgggtgacacgaaaagatgcctggtactttgccaactatgacccgcgcatgaagcgtgaaggcctgcattatgtcgtggttgagcgggatgaaaattacatggcgagttttgacgagatggtgccggagttcatcgaaaaaatggacgaggcactggctgaaattggttttgtatttggggagcaatggcgatga,8,3,5,4,2,6,0,2,2,1,0,3,2,6,11,2,1,3,5,1,0,2,6,1,2,4,4,2,0,2,7,2,9,9,10,6,2,8,3,6,2,5,3,5,1,4,8,5,0,6,0,3,1,5,1,1,1,4,6,0,2,5,0,7
Escherichia phage SH2026Stx1,Duplodnaviria,H3H24_gp10,bacteria,DNA,linear,NC_049919,YP_009907955_10,atgagtacagcactcgcaacgctggcagggaagctggctgaacgtgtcggcatggattctgtcgacccacaggaactgatcaccactcttcgccagacggcatttaaaggtgatgccagcgatgcgcagttcatcgcattgctgatcgtcgccaaccagtacggccttaatccgtggacgaaagaaatttacgccttccctgataagcagaacggcatcgttccggtggtgggcgttgatggctggtcccgcatcatcaatgaaaaccagcagtttgatggcatggactttgagcaggacaatgaatcctgtacatgccggatttaccgcaaggaccgcaatcatccgatctgcgttaccgagtggatggatgaatgccgccgcgaaccattcaaaacccgcgaaggcagagaaatcacggggccgtggcagtcgcatcccaaacggatgttacggcataaagccatgattcagtgtgcccgtctggccttcggatttgctggtatctatgacaaggatgaagccgagcgcattgtcgaaaataccgcatacactgcagaacgtcagccggaacgcgacatcactccggttaacgatgaaaccatgcaggagattaacactctgctgattgccctggataaaacatgggatgacgacttattgccgctctgttcccagatatttcgccgcgacattcgcgcatcgtcagaactgacacaggccgaagcagtgaaagctcttggattcctgaaacagaaagcctctgaacagaaggtggctgcatga,9,5,5,5,4,5,4,4,1,1,0,1,1,10,7,7,0,0,16,3,2,1,7,1,0,12,3,3,0,2,10,3,17,9,4,11,10,10,1,4,2,7,2,2,0,4,4,4,0,4,0,1,1,3,2,2,1,3,5,3,2,5,2,5
Escherichia phage SH2026Stx1,Duplodnaviria,H3H24_gp11,bacteria,DNA,linear,NC_049919,YP_009907956_11,atgaacgcttattacattcaggatcgtcttgaggctcagagctgggcgcgtcactaccagcagatcgcccgtgaagagaaagaggcagaactggcagacgacatggaaaaaggcctgccccagcacctgtttgaatcgctatgcatcgatcatttgcaacgccacggggccagcaaaaaagccattacccgtgcgtttgatgacgatgttgagtttcaggagcgcatggcagaacacatccggtacatggttgaaaccattgctcaccaccaggttgatattgattcagaggtataa,4,1,0,0,0,2,0,0,0,2,0,0,0,3,4,4,1,6,7,1,0,1,0,0,0,2,1,4,1,0,3,1,6,3,6,6,3,3,2,3,0,1,1,0,1,0,0,3,1,3,0,1,1,0,1,0,0,1,1,0,0,0,1,3
Escherichia phage SH2026Stx1,Duplodnaviria,H3H24_gp12,bacteria,DNA,linear,NC_049919,YP_009907957_12,atggatcaaacacttatggctatccagactaaattcactatcgccacttttattggcgatgaaaagatgtttcgtgaagccgtcgacgcttataaaaaatggatattaatgctgaaactgagatcaagcaaaagcattcactaa,5,0,1,0,1,0,0,3,1,2,0,0,1,2,4,2,1,1,1,0,0,0,0,0,0,0,0,1,0,0,2,1,2,1,0,2,0,2,0,2,0,1,0,0,0,1,0,0,1,0,0,1,1,0,0,0,0,0,1,0,1,1,0,2
Escherichia phage SH2026Stx1,Duplodnaviria,H3H24_gp13,bacteria,DNA,linear,NC_049919,YP_009907958_13,atgcaatatgccattgcagggtggcctgttgctggctgcccttccgaatctttacttgaacgaatcacacgtaaattacgtgacggatggaaacgccttatcgacatacttaatcagccaggagtcccaaagaatggatcaaacacttatggctatccagactaa,2,1,1,2,1,0,0,1,0,0,0,0,1,2,1,1,1,0,1,0,3,0,0,2,1,1,0,2,0,0,0,3,2,3,0,0,1,1,0,1,3,2,1,0,0,1,0,1,1,0,0,3,1,1,0,1,0,1,2,0,2,0,0,0
Escherichia phage SH2026Stx1,Duplodnaviria,H3H24_gp14,bacteria,DNA,linear,NC_049919,YP_009907959_14,atgaacgacatctcttctgacgacatcttcctgctgaaacagcgcctggccgaacaggaagcgctgatccacgccctgcaggaaaagctgagcaaccgggagcgcgaaatagaccatctgcaggcgcagctggataaactccgccggatgaacttcggcagtcgttccgaaaaagtctcccgccgtatcgcacaaatggaagccgatctgaaccggcttcagaaagagagcgatacgctgactggtagggtgtatgacccggcagtacagcgtccgttgcgtcagacccgcacccgtaagccgttccctgaatcactaccccgtgacgaaaagcgactgttgcctgcggcgccgtgctgcccgaactgcggcggttcactgagctatctgggcgaggataccgccgaacagctggagttgatgcgtagcgccttccgggttatccggacggtacgggaaaaacatgcctgtactcagtgcgatgccatcgtgcaggcacctgcaccttcgcggcccatcgagcggggtatcgccggaccggggctgctggcccgcgtgctgacctcgaagtatgcagagcacaccccgctgtatcgccagtcagaaatatacggccggcaaggtgtggagctgaggcgttcactgctgtcgggctgggtggatgcatgctgccggctgctgtctccgctggaagaggcgcttcatggctatgtcatgactgacggcaaactccatgccgatgataccccggtccaggtactgctgccgggtaataagaagacgaagaccgggcggttgtgggcgtatgttcgtgatgaccgcaatgcagggtcagcgttggcacctgcagtgtggttcgcttacagcccggacagaaaaggcatccatccgcagactcatcttgcctgcttcagcggtgtgctgcaagcggatgcgtacgccgggttcaacgagctgtatcgcaatggtgggataacggaagctgcctgctgggctcatgcccgccgaaagatccacgatgtgcacgtccgcatcccgtcagcactgacggaagaagccctggagcagatcggtcagttgtacgccatagaggcggatataaggggaatgccggcagagcagcggcttgctgaacgtcagcgaaaaacgaaaccgttgttgaaatccctggaaagctggttgcgtgaaaagatgaagaccctgtcgcgacactcagagttggcgaaggcgttcgcgtacgcacttaaccagtggccggcactgacgtactatgcgaacgatggctgggtggaaatcgacaacaacatcgctgaaaatgccctgcgggcggtcagtctgggtcgtaaaaacttcctgttcttcggctctgatcatggtggtgagcggggagcgctactgtacagcctgatcgggacgtgcaaactgaatgacgtggatccagaaagctaccttcgccatgtgcttggcgtcatagcagactggccggtcaaccgggtcagcgaactgcttccgtggcgcatagcactgccagctgaataa,12,12,11,5,0,8,8,4,1,10,3,2,7,15,7,0,3,5,19,9,2,2,18,5,4,13,15,12,2,2,41,8,23,12,14,15,15,17,16,6,3,11,6,11,3,8,11,2,1,8,0,8,7,3,4,4,0,9,9,1,0,11,10,0
Escherichia phage SH2026Stx1,Duplodnaviria,H3H24_gp15,bacteria,DNA,linear,NC_049919,YP_009907960_15,atgatcccgttaccttccgggaccaaaatttggctggttgccggtatcaccgatatgagaaatggcttcaacggcctggctgcgaaagtacaaacggcgctgaaagacgatcccatgtccggccatgttttcattttccggggccgcagcggcagtcaggttaaactgctgtggtccaccggtgacggactgtgcctcctgaccaaacggctggagcgtgggcgcttcgcctggccgtcagcccgtgatggcaaagtgttccttacgcaggcgcagctggcgatgctgctggaaggtatcgactggcgacagcctaagcggctgctgacctccctgaccatgctgtaa,6,1,1,1,0,6,2,0,1,1,0,1,0,3,5,2,1,0,4,1,0,1,2,2,1,2,3,2,0,1,15,1,1,3,1,3,0,3,4,1,1,6,2,3,1,0,1,3,1,0,0,0,1,4,0,0,0,1,4,0,1,5,0,0
Escherichia phage SH2026Stx1,Duplodnaviria,H3H24_gp16,bacteria,DNA,linear,NC_049919,YP_009907961_16,atgcagaaaaatgtgactcccggcaggcgaaaaggctgccctaattatcctcccgaatttaaacagcagctcgttgctgcctcctgtgaacccgggatatccatctcaaaacttgctcttgaaaatggcattaacgccaatctgttgttcaaatggcgacaacaatggcgcgagggaaagctgctattaccttcttcagagagcccccagctacttcctgtgactctcgatgcagctgccgaacagccagaatcgctcgcagaggacccggaaaccctcagtatcagctgtgaggtaacgttccggcacgggacgctccgcttcaatggcaatgtcagcgaaaagctcctgactctgctgatacaggaactgaagcgatga,5,1,3,6,0,1,2,3,0,3,1,1,2,2,1,1,2,1,6,0,1,4,1,4,3,2,1,0,2,6,6,3,8,1,4,1,2,3,0,3,1,4,2,0,1,1,2,1,0,0,0,1,2,2,1,1,1,1,2,2,1,3,1,1
Escherichia phage SH2026Stx1,Duplodnaviria,H3H24_gp17,bacteria,DNA,linear,NC_049919,YP_009907962_17,atgtcatcaatccgcttaactacgagaatgaaagaggaaatcgctcgtaacgctttaattaagtccggggtgttcactgaacttgaagaagtaacaaagttaaagaaccagcttgcacttgacgccagagttattgcgtttggcggtaaaaagaaaactgaggaagtggatcagttatcatccaagttggtagctataagtgaagaacttggaaagatgggatgttcattttactcatacgatgttagttctacttcaatttatctgactgtatctggcagaagggttggatggcattcatatgggaaagacggcaacggcaaagatatattgctccctactccgatcaaagataaatgcatgtttgacgcagaacacgaaataacaaaaaggtttgatgaaatctgcgcattgcaacaaaaacttgaagccaagaaaaaggatatcgaatcaaatgtatgggctgctttgaactcagtcacaacagttaagcgacttattgaagtttggcctgaaagcaaagaattgctaccaaaagaagcagataaagcaagtacagcacttcctgctttacgggtagaagatttgaataagatgattggacttccttccgaggccgcatag,13,4,10,2,5,0,1,6,3,1,2,3,3,5,5,5,2,1,2,1,1,0,1,4,1,1,1,1,1,1,1,8,17,3,3,8,7,3,1,6,4,4,2,1,5,1,2,5,0,2,1,2,9,3,0,2,0,2,3,1,5,1,6,4
Escherichia phage SH2026Stx1,Duplodnaviria,H3H24_gp18,bacteria,DNA,linear,NC_049919,YP_009907963_18,atgacggtaatcgtgtacgggaaatcaacattcgcaggaaatgccaaaactcgccgtcatgagcggcgcagaaagctggctatcgagcgtgattccatctgcaacatcatcgattcgatcttcggcacagacagtgaggaagctgttcaggaagccccgagaaagcgtttaagcctttctgaaaaagcaatatcactcggaagccttcgctgcaagaagtcaaagtcagaagaggtcgagcgtaaacagaaccgtatttactaccgcaagccacgcagtgaaatgggtgtgacttgtgttggtcgccagaaaatgaaattaggcagcaaaccacttatttga,7,2,6,1,2,0,1,2,2,3,0,2,1,6,3,2,0,0,3,1,2,0,1,0,0,6,1,5,0,1,1,3,5,1,5,2,2,2,0,2,2,2,1,2,1,1,2,2,0,3,0,0,4,1,1,1,1,2,0,1,2,2,0,0
Escherichia phage SH2026Stx1,Duplodnaviria,H3H24_gp19,bacteria,DNA,linear,NC_049919,YP_009907964_19,atggctcacgatgttaatcgcgatgacttcatctacgaacacgacaagccggtttatgtgcgcagttactgccgcatacgtttcggtgagctcgaacatgttcgtcagcacttccgctcttatccgagctgctga,0,0,1,1,0,0,0,0,0,1,0,1,1,1,1,0,0,3,1,1,0,0,2,0,0,4,0,2,0,1,0,0,2,2,1,2,0,0,0,1,0,0,0,1,0,0,1,3,0,2,0,2,0,0,0,1,1,2,0,0,0,3,0,0
Escherichia phage SH2026Stx1,Duplodnaviria,H3H24_gp20,bacteria,DNA,linear,NC_049919,YP_009907965_20,atgcaaaccaaaagctacaccatcaaagcatttcaggacttcttacagatgcttcctgagcttggtatcgtcaatgatgctacagcccgcaatctccgtgactcttccctgcgccttcttactgttcttgggtcggatttcaccgatgccgatatccgtgattatagcgttgccaacttagcaagttcgtacgcagactcagcagaaagcaaaccctctgaatcatctttgcaggcatacaaaagccggatgcaaagtgctattgataaatttatctcctaccagaatggtgagattaatgtgtcagttggtgatgtaaataaaaaaaaggagcgtaaaaagatggcacctaagaagaaggcggtagctgacgtacaggttggtgtaaaaacatttgaactgccgattccattgcgcggagatcttatcgtcaccattggcaacctgcctcgcgacctgacaaaagatgaagccaagcgtatcagtctgattgtggaatcttttgcgatgattgatggcggaacaaaagaataa,11,2,6,5,4,4,0,1,0,4,0,3,0,6,5,6,2,0,5,0,1,1,1,3,0,4,1,4,0,1,5,6,6,5,3,10,6,4,2,3,2,2,1,4,4,2,2,4,1,4,0,1,3,2,2,4,0,0,0,0,2,2,2,4
Escherichia phage SH2026Stx1,Duplodnaviria,H3H24_gp21,bacteria,DNA,linear,NC_049919,YP_009907966_21,atggcgttcactgaccttgaatatcaagcggtcaaaaaagaagttcaccaattcattgaaagcataaggccgcctgaacatatccgcaatgaactggatattgtttatagcatcaatgaccaaacgatagatatcggcgaacagcgccccgtgtggcagggcaacccaggtgaaacaaacatcctgccatcagcaagaatcaagtacatacgttctctggatagatggaaaatctattggatgcggaaggatatgaaatggcatcagtacagtactgaactttcgctgactgatgcgcttgagcttgtgcgtgctgacccggattgctgcttcttcggatga,4,2,2,2,1,0,1,3,2,2,1,1,3,6,3,2,3,1,3,2,2,1,2,1,0,2,1,2,0,0,4,4,8,3,1,6,1,0,3,1,1,2,0,1,0,1,2,2,0,2,0,3,1,0,1,1,1,2,4,0,0,4,0,0
Escherichia phage SH2026Stx1,Duplodnaviria,H3H24_gp22,bacteria,DNA,linear,NC_049919,YP_009907967_22,atggttgaattagccaatgctttaaaagtacgccctgaatggcttagctcaggtattggtgaaatgagggatggtgcacatgaagagccatcgaatgtgcgtgagtcatctttaaaagcggtggtatgggaagacataaaaagaaacgatgacgagtttgtcgcattgcctcttcttaatgtttctctttccgccgggagtggtagctgtgagttagaggaatcatctgagttctctttggttttcagaaagtactatctgaaaaagatgggggtatctgaaagctctgccaagctggttagggtgataggccaaagcatggagccaacccttcacgatggtgatgttgttggagtcaacacgcaagacaccaccatcagagatggtaaaacctacgctatttgtcaatctgatttactaagagtaaagacattaatagccacacctacatccgtgataatcagatcaataaatcgcgaagagtaccctgatgaagtaatggatagagatgagtttcatgaaacagtaaggattattggcagagtattctggtcatcacatagctggtaa,5,2,4,4,4,4,1,0,7,5,3,1,5,2,5,4,3,1,0,3,2,0,0,4,0,2,0,1,1,0,2,5,10,3,9,9,2,4,1,2,1,2,2,6,7,2,4,6,1,3,0,1,6,2,1,7,0,0,4,2,6,3,2,2
Escherichia phage SH2026Stx1,Duplodnaviria,H3H24_gp23,bacteria,DNA,linear,NC_049919,YP_009907968_23,atgaatttagtaattcaacgagccttgaaaattgtcggtagccaaaagcgccttgccgacaagtgtggtgtaacgcagccagcagtacataaatggctgaaaggcgggttggtctctccagagaaagttaccgccattgttaacgccactggagggcagatcaaggcttacgaaatccgcccagatttaccacacctgtttccaaaaccgaatcaggcagcataa,5,1,3,2,0,1,1,1,0,1,0,0,0,2,1,3,2,1,3,1,5,0,1,0,1,2,0,0,0,0,2,1,1,1,1,1,3,4,0,1,1,1,2,2,3,2,0,2,1,1,0,0,0,0,0,1,0,0,1,1,2,0,2,1
Escherichia phage SH2026Stx1,Duplodnaviria,H3H24_gp24,bacteria,DNA,linear,NC_049919,YP_009907969_24,atggaacaaacaagttacagcaaactatcacagcgtgacgttgatcgcgcagaaacagatttactcatcaacctgtcaacgcttacccagcgcggtctggcaaagatgattggctgtcatgaatcgaagataagcagaacggactggagatttattgcttcggtcttgtgtgctttcggaatggcatcagacatcagtccgattagcagggcttttaagtatgcgcttgatgaaatcacaaagaaaaaatccccggtggccgccggggactctaagcaaattgatatgcaattctga,3,1,5,0,3,1,2,0,2,3,1,2,1,3,4,4,3,0,2,1,0,0,2,0,0,2,0,1,1,1,2,2,4,4,0,4,3,2,1,3,1,1,1,1,0,1,1,1,0,1,0,1,3,1,2,1,1,0,1,2,1,2,1,2
Escherichia phage SH2026Stx1,Duplodnaviria,H3H24_gp25,bacteria,DNA,linear,NC_049919,YP_009907970_25,atgacaaaacgtcgtaagaaataccaggaaaaagaagagattcgacaccctgattcacctgagggattagtggtagccgcagcaaataacagggcgttcgcagagcgccttgttggtgtttacagactagccaaagcaggagtgaaacatgggcgtcgttaa,5,1,1,1,1,0,0,0,1,0,1,0,0,0,1,1,0,1,1,1,0,0,0,2,1,1,0,4,1,0,0,1,2,0,3,1,4,2,1,0,2,0,1,1,1,0,2,2,1,2,0,0,1,0,0,0,0,0,0,0,1,1,0,0
Escherichia phage SH2026Stx1,Duplodnaviria,H3H24_gp26,bacteria,DNA,linear,NC_049919,YP_009907971_26,atgggcgtcgttaagttagctgattacaggcctcaactggaggtcgtggagcatcgcgtggcagataccgaagatggtttcatgcgcgttgctaacgagattaccgacagtctgctgatggctgatttaaccgtccggcagttgaaggtgatgctcgctatcatgcgcaagacatacggattcaataagccgatggatcgactcacaaacacgcagatagcagccatgacaggtattcatcacactcatgtttgcgctgccaagcgccagcttattgagcgtaaattcctcattgctgatggcgtgaaaatcggagtgaacaaggtggtttctcagtggattagccaggacagcttaacattagctaaaacagctaataaaacattagccaagtcggctaatgggtataagccaagtcagctaaacacaaaagacaatatacaaaagacaataaatacaaatacccccttaccccctaacggggatggcgatgggcaggttaaacctgaacgtcgcaaggcagaacgaatcgactacgaatccttcctgaacgcctacaacaccgaagtcggtgacagacttccacacgctgttgcggtcaacgagaaacgaaaacgccgcctgaagaaaattatcccgcaactgaaaacgccaaacgtggacggtttcagagcgtatgtcagggcgtttgtgcatcaggccaagccgttttacttcggagacaacgacacgggctggacggcagattttgattacctgctgagggaagattcgttaacgggagttcgggaagggaagtttgcagacagggggattgcatga,10,10,13,6,9,5,5,1,2,2,4,2,3,4,7,7,3,2,8,4,3,2,3,3,3,7,2,2,1,3,8,2,7,9,5,11,6,5,3,10,4,4,5,4,0,6,8,7,0,6,0,2,0,1,2,1,1,1,2,0,7,6,1,4
Escherichia phage SH2026Stx1,Duplodnaviria,H3H24_gp27,bacteria,DNA,linear,NC_049919,YP_009907972_27,atgagacaggatatcgaagctagcgttatcggtggcctgctgattggtggattaactccaaccgccagtgacgttctggcaacgctggagccggaagcgttttcaattccgctctaccggaaagccttcgaggttattcgcaagcaggcgagaaacagaaacctaatcgatgcgctgatggttgccgaggcgtgcggagaggagcatttcacgtcaatcctgatgaccagcaaaaactgcccgagtgccgcaaacctgaagggatatgccggaatggtcgcggataactatcaccgccgtctggtgctggaaatcatggatgaaatgcgtgaaccaatccaaagcggaaccatcgacgcatcgagtcaggcgatggatgaacttgtaaagcgtctttcagccatcagaaagccccgtgacgaggttaaacctgtacggttaggggaaatcatcactgactacactgacacgcttgacaggcgtctgaggaacggagaagagtcagataccctgaagaccggaatcgaagagcttgacgctatcactggagggatgaacgcagaagacctggtgattatcgccgctcgtcctggtatggggaaaaccgaactggcgctgaagattgccgaaggtgtggcaagccgcgttattcctggttctgacgtccggcgcggggtattgattttctcaatggaaatgagcgcattgcagattgcagagcgaagcattgccaacgccgggaggatgtcggttagcgtactgcgaaatcctgcatcgatggatgacgagggctgggcacgtgttgctaacggcatgagtcagcttgcagatttggatgtatgggtagtcgatgcttcgcggttatcggtcgaagaaatacgctcaatcgcagaacggcataagcaggaaaatccaaacctgtcactcatcatggcggattatcttggcctgattgagaagccgaaagcagaccgcaacgacctcgcaattgctcacatctccggaagcctgaaggcgatggcgaaagacctgaaaacaccggttatctccctgagtcagctttcgcgcgatgttgagaagcgaccaaacaaacgcccgacaaacgcagatttgcgtgattcaggaagcattgaacaggacgcagactcaatcatcatgctctatcgggaagcggtatatgatgagaacagtagcgccgcgccatttgctgaaatcatcgtgacgaaaaaccgttttggctcgcttggtacagtttaccagcggttctgtaacggacactttgttgcatgtgaccaggatgaagccagacagatttgcacagcatcaaatgcacctgctgcgcgtggcagacgatatgcacaaggggctgacgtatga,9,16,10,3,4,6,4,4,6,10,3,6,1,21,17,13,2,3,11,2,5,1,6,5,4,8,7,10,1,4,20,8,21,17,13,16,19,12,13,9,11,6,6,6,8,4,4,12,0,3,0,6,10,2,7,1,1,3,2,2,3,4,4,4
Escherichia phage SH2026Stx1,Duplodnaviria,H3H24_gp28,bacteria,DNA,linear,NC_049919,YP_009907973_28,atgaccatctacatcactgagctaatagcagggttatcgttactaatggttcttactgtatatattattaagtatattctttatgcgaataaaaaaactaattga,2,0,1,2,0,1,0,3,0,0,0,0,1,2,2,3,0,0,0,0,0,0,0,0,0,0,0,0,2,0,0,2,0,0,1,0,1,0,1,0,0,0,1,0,1,0,0,1,0,1,0,3,0,0,1,0,1,0,0,0,2,0,0,0
Escherichia phage SH2026Stx1,Duplodnaviria,H3H24_gp29,bacteria,DNA,linear,NC_049919,YP_009907974_29,atgcgaataaaaaaactaattgatcacgatgagcttctgtcaacattatcatatgactcagaaacaggaatatttaaatggctaaaaacaaattcagtagtaagagtaaaaggtagtattgctggaggtgttagtggtggttatatatgcattagtataaataatgttttgtataaggcgcatagacttgcttggttctatgtatacaaaaaatggcctcctaagtttattgatcatgtaaatgggaacagacttgataataggatttcaaacctaagactggcaacagaagagcagaatgcaagaaacattgtagggaatagattaaacacatccggtgcaattggagtgtcttggtataagccaactggcaggtggaagtcttatgttggttataaaaataagacaatatcgttagggtatttcgatagcaaagaagatgcagcattcatagcagcactagcaagaaagaaactatatggaacttatgcgagtaaagcacttaattgcgagcatgagcttttatctcaatttaataatgatgaggataaacttgcggaatatcttaaggaaaaatataaaaggactcgaaagcgtgttaaaaaaagataa,16,4,8,11,6,0,0,3,8,1,3,4,6,0,1,7,1,1,1,3,1,0,0,2,2,0,0,1,5,0,2,7,5,1,5,8,9,0,3,2,4,1,3,6,6,0,1,4,1,1,0,12,5,1,1,3,0,2,5,0,4,3,1,3
Escherichia phage SH2026Stx1,Duplodnaviria,H3H24_gp30,bacteria,DNA,linear,NC_049919,YP_009907975_30,atgagcacactcgcagaccttattcatgccgatatggctgaagatggagcaaggcgtaataggtactggaaatcatcgagccttccagtttgtgaaagattcaatcacaggccaaaaccaaaacgtagccgacgagacaaagtgttgaaaaaactcatgcaaattaacatggctggttttgtcagattcgtgagtgaaacgactaacggtgattga,6,2,0,2,1,0,1,1,2,3,3,1,0,0,4,2,1,1,0,1,3,0,0,0,2,0,0,2,0,2,0,2,3,2,0,3,2,1,0,2,1,0,0,2,0,1,2,1,0,1,0,0,1,0,1,0,1,0,1,1,0,2,1,1
Escherichia phage SH2026Stx1,Duplodnaviria,H3H24_gp31,bacteria,DNA,linear,NC_049919,YP_009907976_31,atggacgaatcaagaaagcagtttgaggaatacgttgccaaaaaattgagattaccattcgagatgataaccgaggcaagaaatggtgataggtacttcgcattttcaagcatggatattcgtcactccttaaatgattggtgggctttatggcaggcatcgcgagcagctattgaactggatatcgactggcccgaatcgaatgacgacctttggaaagatggtgaagaaggtgcttatgcgatgggttatgaggatgggcgtgacaaaacggtaattgcagtaatgaaagccatcagggccgcaggaatcaaagaaaagaatttcgattaa,6,0,2,4,0,1,1,0,3,1,2,0,1,3,5,3,0,1,2,0,1,1,0,0,1,0,0,2,0,0,1,1,7,5,4,7,6,3,1,3,1,0,1,4,2,0,0,1,1,2,0,2,2,1,2,0,0,0,5,0,3,3,1,2
Escherichia phage SH2026Stx1,Duplodnaviria,H3H24_gp32,bacteria,DNA,linear,NC_049919,YP_009907977_32,atgagtacgatagctgagcttgtcagggctaattttcgtgaagagttggtgcgttggtatcggtatcgttcatcgtccagtttgccgcttgatgagttgtatgagcattcacctgccgcacgacgctatccgcgtgaccgtgttcttcgacggttgttcaaactcaacaatgagtttcagcgcaacagaattatccggagtctggattttaagtga,1,2,1,2,0,0,1,0,1,0,1,3,1,1,1,1,0,0,1,1,0,0,2,1,2,2,3,5,0,1,1,3,1,1,5,2,1,1,0,2,0,0,0,0,0,1,1,1,0,0,0,4,2,1,1,0,1,0,1,0,0,1,4,3
Escherichia phage SH2026Stx1,Duplodnaviria,H3H24_gp33,bacteria,DNA,linear,NC_049919,YP_009907978_33,atgagcgacctatcattaacccagccaaagctaaaagaatgtccgttttgcggcggtaatgctcgtctgtgggttgaggccggaataaatattgatgtgtggggctatgcagaatgtgacctctgtgaagccagggtggcatgggcaccatcagttgctgcggctactgaaaaatggaaccggagagcaggagatgaagcaaacctttctgcttcgcaacgaagcaatcagaaataa,3,2,1,3,0,1,0,1,1,2,1,0,1,0,1,1,1,0,2,0,2,0,1,0,1,0,1,1,2,1,1,1,5,2,1,2,5,2,1,4,2,2,0,1,0,0,2,2,1,0,0,1,2,0,1,1,0,1,4,3,1,0,0,1
Escherichia phage SH2026Stx1,Duplodnaviria,H3H24_gp34,bacteria,DNA,linear,NC_049919,YP_009907979_34,atgaagcaaacctttctgcttcgcaacgaagcaatcagaaataacgccatagacgccattctctcactacccatcgacgacaagtcaccccacgaagtccacgttaaagaacccaagcgcagcaaagcgcagaatgaccgcatgtggccgatgctgaacgatgtttcgcgtcaggtgctatggcatggtcaacggctggcgccggaagactggaaagacctgttcactgccctgtggcttaagaccaaaaaactggagcaaagaagtgcgcctggtatcgacggtggcgttgtcatgcttggcgtgcgtaccagcaaaatgcgaaaggccagcatgactgagcttatcgaaatcatgttctggttcggctcagagcgcaacgtgcggtggagtgatgactcccggcgagagtatgaatggtcacaacgaaaagggaaggctgcatga,7,4,6,2,0,3,0,2,2,3,0,2,1,5,7,1,4,2,2,1,0,3,2,1,3,4,3,2,2,1,6,4,6,8,4,2,2,4,3,1,0,3,1,3,0,2,3,3,0,0,0,1,4,1,1,0,1,0,7,0,0,3,0,1
Escherichia phage SH2026Stx1,Duplodnaviria,H3H24_gp35,bacteria,DNA,linear,NC_049919,YP_009907980_35,atgactatcaaatcaaatacgccagcacacgacaaggactgctggcaaacgccgctctggctttttgatgcgctggatattgagtttggattctggctggattcagctgcgagcgacaaaaacgctctgtgcgctcactggctaactgaggctgacgacgcgctaaattctgagtggataagccacggtgcaatctggaataacccaccgtacagcaatatcaggccgtgggtggaaaaagccgctgagcagtgcatacaacagcgacagacggtagtgatgcttgtgccagaggatatgtctgtcggatggttcagcaaggctctggagagtgttgacgaagttcgcattatcactgatggacggattaattttatcgaaccatcgacagggctggagaagaagggaaacagtaaaggctccatgctgctgatttggcgaccgttcatcagtcctcgacggatgtttactaccgtatccaaagcggcattgatggcgatcgggcagggcgtcaggagggcggcatga,5,3,4,5,1,1,3,4,0,4,3,3,2,7,6,4,2,3,4,0,4,0,4,1,3,1,2,0,2,1,7,2,3,6,7,5,4,1,6,6,4,2,2,1,2,2,3,2,0,1,0,0,2,2,1,2,1,3,9,0,0,3,1,4
Escherichia phage SH2026Stx1,Duplodnaviria,H3H24_gp36,bacteria,DNA,linear,NC_049919,YP_009907981_36,ttgattccaaattcaacttcaaataaaggttatgtatgcattgacatgcagtgttcgtcaacctctgaaccaacagcttctacctccagcaaccggagtattaaattagccgcttccacaaatgtatatccgataacaagaaacgactccgagctcactctgaacgattttcttgataatagctcttctacgtcatcattggactacattaatgaattgggttctcaactgacgttaaatgattttcttgacaacataaagacaaatgaggtggatagaacatgtacggatgtggtaattaatatcccacaagagatacaaacaaatacacaggaaaatgatttgttattatccgataaaaataattcaatatgcattgaaatcgatgaaagaattacaaaaatcctaacatgcaagcaaaaatatcaactggacagcatcattcatgaaattataccaaaagagaatgagagtgcagaaactgttctccatcttatgagagttctgaacgatcaatatcatcaggtatataatcagtcaggatgtttttataaagcctatatggccatacacaataaaatcgaacagatacttccatatgcgttcagagccggaggcggaatcagcattcacttgctcatacaggcattattttttaatggcgactataacaaatcaccttcacagtctcaacaaccatctttatatacatcaccttctccaacaataaatacagaagcattcttaagtaatgtattatcactagatataacccaggtacgcatacttggtgatttactatcagcaactttatttcatgcaccaacaatattctatcaatatcctaaactaatagatgaagttaagtattgtataagtaataaaaaaataacaggttcggttatagcacgatttactctatgtttaacaagtacattactaaccatgtcaccactgttaatgcttaatggagcagttaaaacaggtagcatagtaagaactataggtaggggagtgagttatgttgatataccattggccttagctatattaggtgactcgtggtataaagcttataaacatggttcttctgataacccaaattctgctcagaaatttatatcgcaagaagcggcctttaaaaccacccagcgggtattaacacaaggattaagtctgatgtcctctttatcgggagcaatcatgcgctctcttgagaaaggcacaccaccacaaatgatgtctttattcatcgtaaacatactaaatctattatttcatcaaaatccatatgaaggggcatcagcaagtgctaatgctttgaaaagatcaacttactcccataatccggacatactaaatactcaggcaatagctctttgtgttgacctccagcatacaaaaaatataaccatgccacttttcaaaacaaaagacaggatatcttacgcattcaatggacaaagaacatccccagaagaccaaaaacaaatactgaaagaagttataaactcctgtacccaaggagaaagagccattttaaatacatcacaatcagaaacatgcaaacataaaatcgatgagatttatgaaaaaagattctcagaaacagaactaaatacattaccaaacgaaatgaaaaatttcttgatatttttaaacaaaactcatgaaaaagatatttcgcgtttaagcatgggtaacgaagttaatgaaaaaataattgcagttatagtcaagacgttagcatatagagagtctatgttgtgttag,31,12,4,32,26,8,4,9,11,6,2,8,31,9,13,14,18,2,12,10,17,0,2,3,1,2,2,1,10,4,7,9,23,11,8,16,14,7,2,8,9,3,1,9,9,1,3,10,0,3,1,19,18,8,6,16,0,4,1,8,25,8,9,11
Escherichia phage SH2026Stx1,Duplodnaviria,H3H24_gp37,bacteria,DNA,linear,NC_049919,YP_009907982_37,atgcagttattttcgccatcttggtattgtggaaataccgacatccatagctttggtgagctctgttcaggtggccaaattcagaaaaccattacggaggaagaaggcgatggctaa,1,0,0,1,0,2,1,0,0,1,0,0,0,1,1,2,1,0,2,1,1,0,0,0,0,0,0,0,0,1,0,0,2,1,2,1,0,0,0,0,1,3,0,2,0,0,0,0,1,0,0,1,1,0,1,1,0,0,1,2,1,0,0,2
Escherichia phage SH2026Stx1,Duplodnaviria,H3H24_gp38,bacteria,DNA,linear,NC_049919,YP_009907983_38,atggctaaaccagcgcgaagacgatgtaaccgtaaaagagaagatttaactgttaaaaggatatttgagttactaagtttcgataaatctaccggggtatttagatggaaagttcccactcagggaaggatagcattaaatagtgttgctggagcttttgattccaacggttattcaatgatcatgatagatgggcgtagatataaaactcacgtcttagttttttacataactcataatcgttggcctgctggtcaaattgaccacgttaatggaattaggaccgacaataggccagaaaatttaagagaatgcctgccaatagaaaattcaagaaatataaggatccgaaagaatagcaaatcaggttgcagaggggttacttggcacaaacgacagaaaaaatggaatgttaggctaggattccatggcaagagtaaacacttcggatgctttgatgatctggagttagcggtactagttgctgaagaagcccgagataagtattacggtgatttttccggcaacgaaaggagcacttatgcgaatctatcgaaggaaatgtaa,11,3,4,10,0,2,0,6,7,2,7,3,6,2,4,2,1,4,2,2,3,1,0,1,5,0,0,3,4,0,2,0,8,2,2,8,1,1,3,5,5,2,3,4,2,1,0,8,1,2,0,4,3,2,1,1,0,3,4,1,6,3,0,6
Escherichia phage SH2026Stx1,Duplodnaviria,H3H24_gp39,bacteria,DNA,linear,NC_049919,YP_009907984_39,atgcgaatctatcgaaggaaatgtaaatgttgcaatgaatggtttataccaaaatatcaaaatcaatattggtgtaatgagatttgtggaaccaagatagcactcgaacgacgaagtaaagaacgcgaaaaagcggaaaaggcagaaaaggcagcagagaagaaacgacgacgagaggagcagaaacagaaagataaactgaagattcgaaaactcgccttaaagccccgcagttactggattaaacaagcccaacaagccgtaaacgccttcatcagagaaagagaccgcgacttaccatgtatctcgtgcggaacgctcacgtctgctcagtgggatgccggacattaccggacaactgctgcgacacctcaactccgatttgatgaacgcaatattcacaagcaatgcgtggtgtgcaaccagcacaaaagcggaaatctcgttccgtatcgcgtcgaactgattaaccgcatcgggcaggaagcagtagacgaaatcgaatcgaaccataaccgccatcgctggactgtcgaagaatgcagggcgatcaaggcgaagtatcagcagaaacttaaagacctgcgaaacagcagaagtgaggccgcatga,14,6,9,5,2,1,2,2,3,2,2,3,2,6,1,5,7,2,7,3,2,1,1,1,10,8,1,0,0,5,3,1,14,4,5,3,6,6,4,2,4,0,1,0,2,2,2,1,0,2,0,5,0,0,2,1,1,5,5,5,2,1,0,2
Escherichia phage SH2026Stx1,Duplodnaviria,H3H24_gp40,bacteria,DNA,linear,NC_049919,YP_009907985_40,atgacgttcacagtaaaaaccattcctgacatgctcgttgaggcatatgaaaatcagaccgaggtagccagaatactgaactgtagtcgcaacacggtcagaaaatacactggcgataaagaaggaaaaagacacgctattgtcaacggtgttcttatggttcatcgcggatggggtaaagatactgatgcgtga,5,3,0,1,1,2,2,2,3,0,0,1,1,0,3,2,0,1,1,1,0,0,0,1,0,2,0,0,0,1,1,1,2,1,2,3,1,1,1,1,2,1,0,2,2,2,0,3,0,1,0,1,0,0,0,0,1,0,1,1,0,1,0,0
Escherichia phage SH2026Stx1,Duplodnaviria,H3H24_gp41,bacteria,DNA,linear,NC_049919,YP_009907986_41,ttgtcaacggtgttcttatggttcatcgcggatggggtaaagatactgatgcgtgatatccggcaggttcttgagtgctggggggcatgggcggcaaataaccatgaggatgtgacctggtcacccattgccgccggatttaagggactgatccccgaaaaagtaaaatcacgcccgcagtgctgtgacgatgatgcgatggtgatatgcgggtgtatagcccgcctttaccggaacaatcgcgatctgcatgacttgctggttgattattacgtgctgggggggacgttcatggcgctggcacggaaacatgggtgctctgacacctgtataggtaaacgccttcacaaagcggaggggattgttgaaggcatgctgatgatgctgggagtgaggcttgagatggatcggtatgttgagcgtgaattgccgggagggagaacctctgtattttatcagcgaaaaaatagtttacgatcgtaa,6,2,2,3,0,3,2,0,1,0,1,1,4,3,7,2,0,1,3,3,0,2,2,0,2,4,4,2,0,0,8,4,3,3,5,8,3,3,5,0,4,1,8,1,3,0,5,4,1,2,0,3,3,0,1,2,0,4,4,3,2,3,3,2
Escherichia phage SH2026Stx1,Duplodnaviria,H3H24_gp42,bacteria,DNA,linear,NC_049919,YP_009907987_42,atgaaaataattatttttagagtgctaacttttttctttgttatcttttcagttaatgtggttgcgaaggaatttaccttagacttctcgactgcaaagacgtatgtagattcgctgaatgtcattcgctctgcaataggtactccattacagactatttcatcaggaggtacgtctttactgatgattgatagtggcacaggggataatttgtttgcagttgatgtcagagggatagatccagaggaagggcggtttaataatctacggcttattgttgaacgaaataatttatatgtgacaggatttgttaacaggacaaataatgttttttatcgctttgctgatttttcacatgttacctttccaggtacaacagcggttacattgtctggtgacagtagctataccacgttacagcgtgttgcagggatcagtcgtacggggatgcagataaatcgccattcgttgactacttcttatctggatttaatgtcgcatagtggaacctcactgacgcagtctgtggcaagagcgatgttacggtttgttactgtgacagctgaagctttacgttttcggcaaatacagaggggatttcgtacaacactggatgatctcagtgggcgttcttatgtaatgactgctgaagatgttgatcttacattgaactggggaaggttgagtagtgtcctgcctgattatcatggacaagactctgttcgtgtaggaagaatttcttttggaagcattaatgcaattctgggaagcgtggcattaatactgaattgtcatcatcatgcatcgcgagttgccagaatggcatctgatgagtttccttctatgtgtccggcagatggaagagtccgtgggattacgcacaataaaatattgtgggattcatccactctgggggcaattctgatgcgcagaactattagcagttga,2,2,2,13,10,4,6,10,7,4,3,8,7,2,9,12,2,1,5,7,3,0,1,2,2,4,4,7,2,1,10,2,5,3,2,15,11,1,3,4,10,1,8,4,3,4,6,14,0,0,0,7,6,1,5,10,1,0,2,2,9,2,6,17
Escherichia phage SH2026Stx1,Duplodnaviria,H3H24_gp43,bacteria,DNA,linear,NC_049919,YP_009907988_43,atgaaaaaaacattattaatagctgcatcgctttcatttttttcagcaagtgcgctggcgacgcctgattgtgtaactggaaaggtggagtatacaaaatataatgatgacgatacctttacagttaaagtgggtgataaagaattatttaccaacagatggaatcttcagtctcttcttctcagtgcgcaaattacggggatgactgtaaccattaaaactaatgcctgtcataatggagggggattcagcgaagttatttttcgttga,6,1,1,4,3,3,2,3,1,1,0,2,1,0,2,3,1,0,1,1,0,0,0,1,0,0,0,1,0,1,1,4,2,1,1,4,2,1,3,1,3,0,2,1,2,0,2,2,0,0,0,2,2,0,1,1,1,0,1,2,3,1,0,5
Escherichia phage SH2026Stx1,Duplodnaviria,H3H24_gp44,bacteria,DNA,linear,NC_049919,YP_009907989_44,gtgaacggtatgatctctttgatgatcgtaagcgagaatacgcgggtttggtggcaccaggccgaactcaccgggaggcacccggcaccatgcagtattcagagattaggcatatatccaggctcctcatcgcaggagcctttttacatgcaaaaaaaaccgctcctgggaagagcggctggcaagaagaaacaatatgaacaattaattaacgatggtaataataccttagagtaa,3,2,2,3,0,2,1,0,2,1,1,1,1,2,3,2,3,2,3,0,2,0,2,1,0,0,1,0,0,2,1,0,2,0,3,1,1,1,1,1,1,3,1,2,1,0,1,1,1,1,0,2,1,1,1,1,0,1,2,0,3,0,1,1
Escherichia phage SH2026Stx1,Duplodnaviria,H3H24_gp45,bacteria,DNA,linear,NC_049919,YP_009907990_45,atggcatttaaacactacgatgtggtcagggcggcatcgccgtcaggccttgctgaacgaataactcaaaaactgaaggaagggtggcagccttatggtagtgcgctgatttcgacagctggttatggtgcagagtttatccagccagttgtgagtgagggggagcttccctcacttgcagagtcaggcaatcacccgcatgtttcagcgaagcctgaagcagcgccggaatattactatgtgattgcgcttgccggtcagtccaatagcatggcatatggtgaaggccttccgctgccggagacatatgaccgtccggacccgcgcattaagcagctggcgcgtcgcagtacggtgacaccgggcggtgtcgcctgtaaatataacgacatcattccggcggaccattgtctgcatgatgtgcaggacatgagccgccttaaccatccgaaagcggacctgtcaaaggggcagtacggaaccgtggggcaggggctgcatatcgccaaaaaattgctgccgtttataccggcgaatgcgggcattctgctggttccgtgctgtcgtggtggttcagcgttcaccaccggagccgatggcacatacagtgacgcgagtggtgcctcggagaattcaacccgctggggtgtggacaagccgctgtataaggaccttatcggtcgaacaaaagcagcactgaagaagaatccgaaaaatgtgctgtttgccgtggtgtggatgcagggggaatttgattttggcggtacgccggcaaatcacgcagcacagtttggtgcgctggttgataaattccgtgcagacctggcggatatggcaggtcagtgcgtcggtggctctgctggcggtgttccctggatatgtggagatacgacgtatttctggaagcagaagaacgaatccacgtaccagacggtgtacggcagctataaaaacaaaacggaaaagaatatccatttcgtaccgttcatgaccgatgagaacggggtgcatgtgccgacgaacaaaccggaagaagacccggacattccgggtatcggatattacggttcgaaatggcgtgacagctcagccacctggacgtcacaggacagggcgagccatttcagcgcctgggcacgccgtgggattatttccgaccgtctggcaacggcgattttgcgccatgcgggaagagtggcgctaaacgcgggggcatcatcgacagtatcagaggtgcgcccgtcatcgccttccggtgcagaagccacaggcgtcacaacactgctctcttaccttgccagcgagtcagagggaagcctgaaagtacagggatggtcagccagtggcggcagggcagaagtggtcagcgatgcggagggaaccggaggtaaggcagtgaagctgaccaaggaggccggtaaaagcagctgggtgctggagtacgccgcgggcaacggtgcggctctgttacagaaaggggggcagattcgctgccgctttaaggtttcgggagcgctggctgcgaaccagtatgttatggcgttttactggccggtctcttcactgccacagggcgttgccctgaccggaggcggagggaataacctgctggcagcgttctacatccagacagatgcaaaagacctgaatgtgatgtaccacaatgcgaaagtggcgacaaacaacctgaaactgggaacctttggcgcatttgataacgaatggcatacgctggctttccgctttgccgggaataacagccttcaggtgacgccggttattgatggtcaggatggcacaccgttcacgctgacgcagtcaccggtcagtgcatttgcggcggataaactgcatgtgacagacattaccaggaatgcgacttacccggtgctgattgacagcattgcggtggaagtgaacagcacagacactgcggcatga,20,15,15,13,14,11,14,3,1,14,4,7,3,7,8,14,1,4,22,11,2,2,27,3,2,10,0,7,1,1,33,9,14,19,13,14,24,15,33,6,13,18,13,23,3,7,25,9,0,13,0,12,16,4,7,3,1,3,12,4,1,9,2,13
Escherichia phage SH2026Stx1,Duplodnaviria,H3H24_gp46,bacteria,DNA,linear,NC_049919,YP_009907991_46,atgacatttctgaaccagttaatgctgtacttctgtacggtggtctgtgtgctgtatctcctttcgggtgggtacagggccatgcgtgacttctggcgcagacagattgacaaaagggccgctgagaaaatcagcgccagtcagtcagccggaagcaaacccgaagagccgctcatttag,3,1,0,0,1,0,1,0,1,2,2,1,0,1,3,2,0,0,3,0,0,1,1,0,0,1,0,1,0,2,3,1,1,2,2,0,0,4,0,1,1,0,1,1,0,1,2,0,0,2,1,1,1,0,1,0,0,0,1,2,1,2,0,1
Escherichia phage SH2026Stx1,Duplodnaviria,H3H24_gp47,bacteria,DNA,linear,NC_049919,YP_009907992_47,atgtcagaaattacatccctggtcactgctgaagcggtgaaggaagtcctgcgctctgaagaagtccggagcgcactgaaacagaaacttcgccataacctggaagcgcgtcttgatgcagaggttgatgccattctggatgagctgcttggtgtacaggcagagccaccgactgaagcgggagataccaccgcagagagcggtgaagttcagcctgaatcaccggtcgccgatgcgactgaacctcaacccgaatcggtcatgatgctgtaa,2,1,1,0,1,2,0,3,0,2,0,0,0,0,3,2,1,0,3,1,1,1,2,2,0,2,1,1,0,0,7,3,11,0,4,5,4,2,4,1,1,0,0,2,1,5,1,2,1,0,0,0,2,1,1,1,0,0,0,0,0,0,0,0
Escherichia phage SH2026Stx1,Duplodnaviria,H3H24_gp48,bacteria,DNA,linear,NC_049919,YP_009907993_48,atgtaccagatggaaaaaatcacaacaggtgtgtcatacaccacgtcagcggtgggaacgggctactggttcctgcagttgctggacagggtttccccgtctcagtgggcggcaataggcgtgctggggagtctgctgtttggtctgctgacgtacctgacgaacctgtatttcaaaatcagagaggacaggcgtaaggcggcacggggagagtaa,2,1,1,0,2,1,4,0,1,0,2,1,1,2,2,0,0,0,3,0,0,0,1,0,0,0,1,1,0,0,9,0,1,2,2,0,2,0,3,0,2,2,1,2,0,0,3,1,1,4,0,1,2,1,0,1,0,0,2,0,0,2,1,1
Escherichia phage SH2026Stx1,Duplodnaviria,H3H24_gp49,bacteria,DNA,linear,NC_049919,YP_009907994_49,atgaacaggaaactccgctatggtttatcggctgccgttctggcgctgattgccgcaggtgcttctgcgcctgaaatcctcgaccagtttctggatgaaaaggaaggcaaccacaccacggcataccgtgatggtgcgggtatctggaccatctgccgaggcgccatcatggtggatggtaagcctgtgattcctggcatgaagctgtcgaaggaaaaatgcgaccgggttaacgctatcgaacgggataaggcgctggcatgggtggagcgtaatataaaagttccactgaccgagccacaaaaagcaggtatcgcgtcattttgcccctataacattggccccggtaagtgtttcccgtcgacgttttataagcggcttaatgcaggcgatcgcaggggagcgtgtgaggcgattcgctggtggattaaggacggtggcagagactgccgtatccgttcaaacaactgttacggtcaggtatcaagacgtgaccaggagagtgcgctggcatgctggggtatcgacaggtaa,4,6,8,2,0,3,2,0,2,0,3,1,1,8,3,5,1,1,3,0,2,2,1,3,1,3,3,5,0,2,7,1,5,6,4,5,6,3,8,3,1,6,0,10,1,0,3,3,1,2,0,3,3,0,3,1,0,5,5,3,1,1,0,3
Escherichia phage SH2026Stx1,Duplodnaviria,H3H24_gp50,bacteria,DNA,linear,NC_049919,YP_009907995_50,atgtggttaaccataacggcgaaccataacggcgaaccatacgttcccatgaaacctgtcgttgcggggatggggctggcctggcaatcacagttggctaagttaagacagcgttttgcgtcaactataacggaaatcgttatggttgctgaggatgggaaacgacgcaatatggtgtccctgccgcttcgaaaacttgcaggctggttacaaaccatcaatcccaacaaagtaaaacccgaaatccgcggcaaggtaatccagtatcaggaagagtgtgacgatgttctctatgaatactggacgaagggttttgtcgttaatccccgtaaaatgagtgtgatggaagaactcaaccaggcttgcgctgacatgaaacgggataaaaacattgccagtgtgtttgctaccgggctgaatgagtggaaacaggttaaatccgcgcatgtatcaaaaatccgcacattgataaacgaagcgaatctgctgattgattttgtcctggctgatacaggcaaagggaaaataacaaaggcggattga,13,6,4,5,3,3,3,1,1,0,0,2,4,5,8,2,2,0,6,2,1,4,1,1,2,3,1,2,0,2,6,2,8,2,3,6,1,2,6,6,0,4,5,1,3,3,3,7,0,2,0,2,3,2,0,0,1,1,5,1,3,0,2,4
Escherichia phage SH2026Stx1,Duplodnaviria,H3H24_gp51,bacteria,DNA,linear,NC_049919,YP_009907996_51,atgatatcggataaactcataacgctggcgaagatcctctgtgtaatcgtcggcatttcatttttagtcatgctggttgccattttcttttccaccgcctggcgagtcctgacgttatcgggactggtggggtga,1,0,1,0,0,1,2,0,0,0,0,0,2,2,2,2,0,0,0,0,0,0,0,0,1,0,0,0,0,2,4,0,0,0,0,1,0,2,1,0,1,1,1,0,1,3,1,1,0,0,0,0,1,1,2,0,1,0,1,1,2,1,0,2
Escherichia phage SH2026Stx1,Duplodnaviria,H3H24_gp52,bacteria,DNA,linear,NC_049919,YP_009907997_52,atgaaccgtgttctgtgtgtggtgattattgtcctgctggtagcctgtggtgcgcttagtctggggctgaatcattaccgtgataacgccataacctacaaagagcagcgcgataaaaaagtcagtgagctggagctggcaaatgcaaccattactgatatgcagcagcgccagcgtgatgttgctgcacttgatgccagatactcgagggaattagccgatgcgagagctgaaaatgaaactcttcgcgctgacgttgccgctggttaccgcagcctgcggatcaacgccacctgtccaggtcccgtgcgtgaagccaccggcaccgcccgcgtggataatgcaaccggcccccgactggcagacaccgctgaacgggattatttcatcctcagagagaggctgatcactatgcaaaaacaactggaaggaacccagaagtatattaatgagcagtgcagatag,4,3,1,5,0,8,0,3,4,1,2,2,1,3,3,4,2,0,6,1,1,2,0,0,1,5,2,4,0,1,11,3,6,2,5,8,5,8,2,5,1,2,1,3,1,2,4,3,0,4,1,2,0,0,1,0,0,1,0,3,1,1,0,0
Escherichia phage SH2026Stx1,Duplodnaviria,H3H24_gp53,bacteria,DNA,linear,NC_049919,YP_009907998_53,atgcgagagctgaaaatgaaactcttcgcgctgacgttgccgctggttaccgcagcctgcggatcaacgccacctgtccaggtcccgtgcgtgaagccaccggcaccgcccgcgtggataatgcaaccggcccccgactggcagacaccgctgaacgggattatttcatcctcagagagaggctga,2,1,1,0,1,1,2,0,1,0,0,0,1,0,3,2,1,0,2,0,2,2,6,1,1,0,0,0,0,1,4,0,0,1,2,0,2,2,2,0,1,1,1,0,0,2,1,1,0,0,0,0,3,1,0,0,1,2,2,0,0,1,1,0
Escherichia phage SH2026Stx1,Duplodnaviria,H3H24_gp54,bacteria,DNA,linear,NC_049919,YP_009907999_54,atgaaaaaaatgctactcgctactgcgctggccctgcttattacaggatgtgctcaacagacgtttactgttcaaaacaaacagacagcagtagcaccaaaggaaaccatcacccatcatttcttcgtttctggaattgggcagaagaaaactgtcgatgcagccaaaatttgtggcggcacagaaaatgttgttaaaacagaaacccagcaaacattcgtaaatggattgctcggttttattactttaggcatttatactccgctggaagcgcgtgtgtattgctcacaataa,6,1,2,2,5,3,1,5,0,0,0,0,0,1,2,5,4,0,4,2,1,0,1,0,0,0,0,1,1,2,3,1,4,0,0,1,3,2,2,2,3,3,1,1,2,1,1,4,1,0,0,2,1,0,0,1,0,1,0,2,1,3,1,2
Escherichia phage SH2026Stx1,Duplodnaviria,H3H24_gp55,bacteria,DNA,linear,NC_049919,YP_009908000_55,atggcaaagctggactggaaaaagctggagcaggcattccgacgcgaacatgccgaaacgggaataacattactggactggtgccggaagaaaaagattaattacaacaccgccagaacccgtataaaaatgggcaaaatcgatcatgaaattgatcataaaaccgatcatgaaatcgatcatgacatctcagatgaagaaccctgcaatgacgcgggttccggcgatgaaaaatgcgcaaaaaactctgaaaaaaactgcgcaaattcggcagaaacgaaacggattcgtggttcccgacttttaccaccttcaaacgctttttctcagcgaaacacctacgccgtaagacaccgtggatatgcgaagtatcttgaggcagataacctcatggatgatgcgtccgacatggtgctgtttgatgaactggtgttcacccgggcccgcgcactttcagtaactaaggcacttaaagggatgttcgccgacctggaagaggcaactgacgtggaaacccgtgttgctctttacgacaaaatactcaaagctgaacaggcccttgaccggaatattgcccgtatcgagtcaattgaacgctcattgctgacgctggacgtcctggctgagacagcaccaaaacttcgtgctgaccgggaaagaatcaacgccgccagagataaactcagagcggaaaccgatattctgaccagccagcgtcggggcgttgttacgcctgtcagtgacatcgtgtcatcgctgcatgaaatgagtaattcggggagactggatgacattccggaagaatga,14,7,6,5,2,8,4,2,6,1,0,2,3,6,6,7,0,1,4,6,2,1,1,2,3,3,6,7,0,3,12,7,19,13,5,13,10,9,4,5,2,3,2,2,2,2,4,3,0,3,0,2,6,3,3,2,1,4,2,0,2,3,1,2
Escherichia phage SH2026Stx1,Duplodnaviria,H3H24_gp56,bacteria,DNA,linear,NC_049919,YP_009908001_56,atgacattccggaagaatgaaccgcgatgtgatgagccgtcagaaatgaccgaggctgaacaacgtctgttcattatgacaaaactgagcaatccctggtggcggctcaatcatctctacaaaatacagaacgaaaaaggtgaactggtcaccttcagaatgcgaccggcgcagcgccagttgttccggagcatgcacaataaaaatattatcctgaaagcacgccagctgggtttttccacggccattgatatttatcttctcgaccaggcattattcattccgcatctcaaatgcgggatcgtcgctcaggataaacaggcagccagtgaaattttccgcacaaaaattgctgtaccgtttgatcatctccctgactggctgagagcctcattcaccatcgttgaacgtcgtagcggtgccagcggtggctatatcctgtttggtcacggctcgagtattcaggtggcaacctcatttcgctcaggtacggtgcagcgcctgcatatctcagagcacggcaaaatttgcgcgaaatatccggctaaggcgaaagagctgcgaaccggtacgcttaatgccgtttctgatgaatgcattatttttgatgaatccacggctgaaggcgtgggtggtgatttttacgagatgagtaaccgtgcacaggagagcactgcatcaggcttattgctgacggcacaggattataaattccatttttacgcatggtggcaggatcctaaatacagcgccagagtgccggaaagcgggctgaagctgtcacgggaaaaaatgacgtatttttctgcggttgagaaggcaatgaacatcacgcttaccgatgagcagaagcagtggtacatcaataaggaaactgaacagcgtgaggaaatgaagcaggagtttccctcaacgccacaggaggcgtttctgacgtccggacgacgtgtgttcagtgccgaaagtacgttgcaggcagaatcattctgttcgccaccgctgattgtttatgacattgaacctgttacaggaaggaagactaaagcacagtctctgcgtgacgggaataaagccgaacagcaccggacgctgatgaattatctgctggtatgggaactgccggatccggatgaagagtatgtttgtggggcagatactgccgaagggctggagcacggagaccgctcatcgctggatgttgtcaaacgcagtaatggcgagcaggtggctcactggttcgggcatctcgatgctgaactttttgctcatctcatttcgcaggtctgtcgtatgtataacaacgcgtttgtggggccggagcgtaataatcacggacatgcagttatcctgaaactccgggaactctatccgacacgttatatctacaacgaacagcatcttgaccaggcatatgacgacgatacgccccgccttggctggctgacaacccgtcagagcaaacctgttctgaccgaaggaatgaaaacgcttctgaataatggaatatcagggatccgctggtcaggcacattatcggaaatgaacacctacgtttatgacgcgaaaggctccatgaatgcacaggaaggctgctttgatgatcagctcatgagctacatgattgcccaggagatgcgcgccagaatgccggtgagggtaaaacagaaaacggataaacgcagaaccacacactggatggctcactga,24,7,8,15,8,10,14,4,5,9,2,6,2,10,19,15,1,9,29,9,2,3,13,4,4,11,6,11,0,10,25,7,28,9,16,19,15,11,7,9,6,10,8,9,3,4,8,10,0,8,0,13,12,4,5,3,1,4,11,4,3,11,3,13
Escherichia phage SH2026Stx1,Duplodnaviria,H3H24_gp57,bacteria,DNA,linear,NC_049919,YP_009908002_57,atgaaaaatgaaactaacaccatggcgacgaaaaacgacaatggagccacgccgcgtttttctcagcgccagttacaggcgctttgttctgatattgacagccagcctaaatggcgtgatgccgcaaacaaggcctgtgcgtattacgatggcgatcagttgccaccggaagttcttcaggtactgaaagatcgcggtcagccgatgactatccataacctcatcgcgcctaccgtcgatggcgttctgggaatggaggccaaaacacggactgatctggtggtgatgtcagacgagccagatgatgaaactgaaaaactggctgaagctattaatgctgaatttgccgatgcatgccgccttggcaatatgaataaagcccgctctgatgcctatgcggaacaaatcaaggcgggcctcagttgggtggaggtcagacgaaacagcgatccgttcgggcctgaatttaaggtgtctactgtcagccggaatgaggttttctgggactggctgagccgggaggctgatttaagtgactgccgatggctgatgcgtcgccgctggatggataccgatgaggcaaaagctacattcccgggaatggctcaggttatcgattatgccattgatgactggcgtggttttgtcgataccacggttactgaaggccagcccagtccgttgatgagtgcatgggaagagtatcagtcatgggatcgacagcagaacgaatggcttcagcgtgaacgccgtcgtgtgctgcttcaggtggtttattaccgtacattcgagcgtcttccggtgattgaactcagtaatggacgggtggtggcctttgataaaaataatctgatgcaggcggtagctgtggcatccgggcgggttcaggtgaaagtcgggcgggtaagccgtattcgtgaagcctggtttgtcgggccacactttattgtggatcgcccctgtagtgctccgcaggggatgtttccgctggttcctttctggggataccgaaaggataaaaccggggagccatacgggctaatttcccgcgccattccggcacaggatgaggtgaattttcgtcgtatcaagctgacctggttgcttcaggccaaacgcgtgattatggacgaggatgccacccagttgtcagacaacgacctgatggagcagatcgaacgtccggatggcattattaaactgaatccggtccgaaaaaatcagaaaagtgtcgcagatgtttttcgggttgagcaggattttcaggttgccagccagcagtttcaggtcatgcaggaatcggaaaaacttatccaggataccatgggggtttattccgcatttctcgggcaggagtcaggtgcgacgtcaggcgtggctatcagtaacctggtggagcagggggccacaacccttgcggaaatcaacgataactaccagtttgcctgccagcaggtgggaagactgttgctggcttatcttctcgatgacctgaaaaaacgccgtaatcatgcagtggtgattaatcgcgatgatcgccagcgtcgccagaccattgtcctcaatgctgaaggtgataatggtgaactgaccaatgatatttcaaggttaaatacacatattgcgctggctcctgttcagcagacaccggcgtttaaggcacagcttgcacagagaatgtcagaggttattcaggggctgccgcctcaggtgcaggctgttgtgctcgacctgtgggttaatcttctggatgtgccgcagaaacaggagtttgttgagcgtattcgtgctgcgctggggacgccaaaatcaccggatgaaatgacgccggaagaacaggaagtagcggcacaacaacaggcacttcagcaacaacaggcagaactccagatgcgcgagatggctggcagagtggcaaaactggaagctgacgccgccagggcacatgcagctgcacaacgggataatgccagtgcacagcgggaagtcgccctgacacaggggcagcgttatgtggatgcgcttaaccaggcacatacggcagaaatcattaccggcgtacagaatatggaacaggagcaggacgttcttcagcaacagatgctgtatacgttacaacagcggatgaatgaaatgtcgctctga,21,11,6,22,7,12,8,6,4,6,2,9,0,10,24,18,8,1,60,5,5,2,17,6,5,15,10,19,1,9,25,15,30,13,20,38,21,20,14,17,6,9,13,5,5,11,24,18,0,5,0,9,8,3,2,4,1,3,14,3,4,5,5,16
Escherichia phage SH2026Stx1,Duplodnaviria,H3H24_gp58,bacteria,DNA,linear,NC_049919,YP_009908003_58,atggattttgaatttacgggtgaagaaaccccggaacaactggaaaaaatgctggaagggcttggggatgtggatattgacagtcacgcacaggacgtcgtgacggaagataccacggaaaaacatgcggatgaggaagcacagactcagacgggcgataacaatgtggcaccgacgccggatgccagtgtggagcagacgcaggacgtgaaggagccggaagcgaagggggtgctcacccgcgacggtaaacacgtcattccctatgaagtccttgaggctgaacgttccggtaagcaacgggccgaacaggaagccgcacttcttcgtgggcagatagctgaagaaaaacgcagggtggaactgctgacgtctcagatccaccaggccggtatgaagcccacaccgttaccggaaaacgaaaaaatttctgatgagcagattgcccgtatcagggagatgtatccggaaattggtgacgcggtggcttcgctcatccgtaaaaataactatctccagtcccgtgttcagcaatcagcacagcaggcagaaggtaatggtggtgaggatttatcaccggttcttgatgcgatgaatgccgtgccggtgctgaaaacgtggcaggagtccgatccagatcgcttctcggttgctgtatccatcgacgggaagctccagaatgaccccgcatggaaagacaaaacgctcactgaacgtttcgctgaagtggcccgtcgtacgcaggttgctttcggtgaagtcagtgagtcgtctgctgacaacaaggcagacaaaacggatatccggaaaacggcggaagagaaagtgaagaccgctgaacaggagcaggcagtacctgcttccccgtcagatttaggcaccacggcttccgtcggaaccggtgataattttgaacggttacttggcgcttctcattcagaggcagaggcgattatgcgcggtatgacgaatgctgaaatagacgcgcttctggagaagctcgggtaa,12,4,8,7,1,6,14,2,0,0,2,3,2,5,7,6,3,3,19,2,1,3,10,1,0,4,3,8,0,6,6,7,28,11,14,15,10,7,7,12,1,3,6,11,2,5,12,4,1,0,0,3,4,6,3,4,0,0,2,0,4,3,0,3
Escherichia phage SH2026Stx1,Duplodnaviria,H3H24_gp59,bacteria,DNA,linear,NC_049919,YP_009908004_59,atgacgactgtaacatcagcccaggcgaataagctgtatcaggtggcgctttttaccgctgccaaccgcaaccgctcgatggtcaatatcctcactgaacagcaggaagcgccaaaagcggtttcgccggacaagaaaagcacgaagcagaccagcgcgggtgcgccggttgtccgtatcacagaccttaacaaacaggccggtgatgaagtgaccttcagcatcatgcacaaactctcaaaacgtccgacgatgggagatgagcgtgttgaaggtcgtggtgaggatctcagccatgctgacttctccctgaaaatcaatcagggacgtcacctggtggatgcaggcggacgtatgagtcagcagcgcacgaagtttaacttggcatcctcagccagaacgcttctggggacgtactttaatgacctgcaggaccagtgtgcgatagtgcatcttgctggagctcgtggtgattttgttgctgacgacactattctgccgacagcggagcaccctgaattcaaaaaaatcatgatcaacgatgtactgcctccgacacatgaccgtcacttttttggcggtgatgcgacaagctttgagcagattgaagcggcagatattttttctattggcctggtggacaatctctccctgttcattgacgaaatggcgcatccgttacagccggttcgtctgtccggtgatgaacttcacggagaagatccatattacgtcctgtacgtcacgccgcgtcagtggaatgactggtacacctcgacgtccggtaaggactggaaccagatgatggttcgtgccgtgaaccgtgcaaaaggttttaatcatccgctgttcaaaggtgaatgtgcgatgtggcgcaatatcctggttcgtaagtatgcgggtatgccgatccgtttctatcaggggtcaaaggttctggtatcagagaataacctgacggcaaccacgaaagaggtcgctgctgcaaccaatattgaccgcgccatgttactgggggctcaggcgctggcaaatgcttacggtcagaaggcgggcggtcacttcaacatggttgagaagaaaacggatatggataaccgtactgagatagcaatcagctggatcaacggtctgaaaaaaatccgtttccccgagaagagcggcaagatgcaggatcacggcgtgattgccgttgatacagcagtgaagctctga,14,11,12,11,6,6,11,4,1,7,0,1,2,11,15,7,0,7,19,5,2,1,10,2,0,5,0,16,0,5,18,5,10,13,9,14,9,7,15,9,5,6,3,14,3,5,8,10,0,5,0,4,5,5,3,1,1,0,5,2,2,8,1,9
Escherichia phage SH2026Stx1,Duplodnaviria,H3H24_gp60,bacteria,DNA,linear,NC_049919,YP_009908005_60,atggcaaagactatccttgccccgtcactgagtgaacgggtctatacgggtacgcacggtaatgagtcggtggcagaaggcgtatttacggtgaatgctgcggaagcggacagtgttattcatcttctctcactgccagtgggcatccgtatcaactcactccaactggtttcaacgggtggtctgggtactgcaaccgtcagcattaagtccggtgagcatgctctcatcgataacagcgaagctgtttctgcaaaatttgccagatatgtgccagtggagccgtacaccacacagcgtgacggggagctggttactgtcaccattaagactgccgctgcaaccggcaccctgaatgttctgctgcgttataccgtggtgggatactga,1,2,3,3,1,6,4,4,1,2,0,2,0,4,1,3,1,1,1,2,2,0,2,0,0,0,1,3,0,3,8,2,4,2,4,1,5,3,2,4,1,3,1,6,1,3,7,5,0,2,0,3,4,1,1,1,1,0,0,0,0,0,0,2
Escherichia phage SH2026Stx1,Duplodnaviria,H3H24_gp61,bacteria,DNA,linear,NC_049919,YP_009908006_61,atgagtgagaaaattgccgttgtctatatcggcccaaaacccgtgaaaaaggacaccattaccggaagccgcacattgttcccacgtcttgagccggtgcatgttgacagtgcgatggcctggcaactgctggggtttccggatgtctgggttcgtcatgaagagcttgatgatgttctgaaaaagcaacaacagaatgagcagttgcggcaggcacagcaggcgcaggaaagagtgcttgctgcgcgggcagaagcggagaacagttttgttgtttctgttaacgggcaggaggtggatttaagtaagctcacctcagcacggctggcgacgctgtgtgaggcagaagagctggatattcacaaagacccgaaagaaacggctgaggcattccgtatccgggtgcgtgaggcatttcgccgtcgtgttgcggagactgaacagcatggcggaactgagtga,6,2,3,1,1,3,2,2,1,1,0,4,0,2,2,3,3,1,8,3,2,1,3,0,0,2,4,6,0,1,6,3,6,3,12,5,6,2,6,2,2,2,2,0,0,2,5,8,0,0,0,1,1,0,0,1,1,0,2,1,1,2,2,3
Escherichia phage SH2026Stx1,Duplodnaviria,H3H24_gp62,bacteria,DNA,linear,NC_049919,YP_009908007_62,atggcggaactgagtgattttttaccgtatgtccgtcgtcatatcagcggtccactgaacattatgatgacggatgctctgtcaatggctgccgtggcattcagccgccagtcgttggtgtgccgtcgggaggttactgttgtaccagtagcaggaaaagaaatcgtgcttccgtatgacaaagatgatgaggagtgcgttcatatcatccgtatctctgacgataatcatgagctttttgtcggtcgggatgtggatatcagctccggacgctccctgcgatttgcctgttctcccggtgaggtgagcgtgctttatgccgtcgctccgaaagccggacgcagccagataccggatgaactcctcacatggcctgaagaagtggctgcgggggcacttgagcggttgttcatgcagactggtgtttcatggtcagatccgttacgcgcacagtatttttctgtgcagttttctgaggggatccgtcgggcatatcgtcatacactggcgacaagcccgtactcttcataccgcaaccctgtacgcaggcagaggtttttctga,3,2,0,1,3,0,1,2,0,6,2,1,1,7,5,1,0,0,6,4,2,1,6,2,1,6,4,6,0,2,5,4,5,2,7,9,5,4,3,4,3,0,2,4,3,3,8,4,0,2,0,5,4,2,1,5,1,2,2,1,2,3,2,6
Escherichia phage SH2026Stx1,Duplodnaviria,H3H24_gp63,bacteria,DNA,linear,NC_049919,YP_009908008_63,atgacgacgattacagaaatcatcggacgtgtgaatacacaactggttgacccgatgatggttcgctggcccctgcaggaattgtgcgattattacaatgatgctgtgagggcagtgattctggcgagaccggatgctggcgcaagcctggaaacaataagttgtgttcctggcgcccgtcaggttttgcccgatggtgtaatacaacttcttgatgtgatatgcctcagtgacggtagtgcagtcagaccattatcccgggaggtgctggatgcgcagtatcctgagtggcccacaatgaagggtattcctgaatgttttatcagcaacgacctgtccccgcgcgtattctggctgtttcctgctcctgacaaagagataagtattgatgcagtggtaagccggataccggaggcagtgtatgttctgacgcaggacgatgatacgccagttccactggaagaggcttatgttaacccactggtggagtggatgttgtttcgcgctttcagtaaggatgctgccggtggcgcagaatcggggctggctgcgcagcattatcagagttttgttgagcaacttgggatcaaacagggggcagacagtgcattgtctgcccgtaaaaaagtgtttaacggaggtggagtgtga,4,3,2,2,4,0,4,0,2,3,1,7,5,4,5,4,3,0,7,1,4,3,4,5,0,3,2,3,0,1,11,3,6,6,7,10,8,3,3,7,3,3,3,5,3,1,10,8,0,1,0,5,0,2,1,1,1,2,4,2,1,2,4,5
Escherichia phage SH2026Stx1,Duplodnaviria,H3H24_gp64,bacteria,DNA,linear,NC_049919,YP_009908009_64,gtgagtgttgttgtttcggggacgctgaaatctcctgatggtgaggcgatatcaggagcaaatattaccctgacggcgctgacagtttcaccggatgcgctcagcggcaccagtgcgtcggcagtgacccgtgaaggtggatattacggaatgacgatggatccgggggagtatgcggtttcggtgacggtgaaagggaagactgctgtctacggacgtgtgcgtattgaggggaccgaaagtacggtgacgctcaatatgctgttacgccgcagtcttgttgaggttagcatacccggagaactgctgacagatttccggcagatacagaataatgtggctgatgaccttgccactattcgtcgcctgaatgaagacacggcgacaaaaaacactcaggccacacagtcaaaagaaagtgcagcagccagtgcgaagagtgcatctgacagtgcaaagacggcaaccagcagggcggctgaagccggacaaaaagcgactgatgccactgaggctgcgacccgtgccggagagtctgaaaaagccgccggagctgatgcagaaaaagccagacagcatgctgaaaaggccaggctggcgcaggagagcgccggagagatccttaagcgggcagaggctgccactgtcagtgctgaagaggccagacgtatggctgagaatgcacgggggccccgggggcctcagggagaaactggtccgaagggggatgtcggtcctaaaggcaaaacaggtccagtgggccctcaagggcccgcagggccgaaaggtgagcgtggtgacgttggtgctcagggggctgtagggcccgctggtccgcgtggtgagaagggcgaacagggggagcgaggaccgcagggaataccaggcctgaagggggataccggagagcgggggcctaaaggggaccagggggatatggggccaaaaggcgagaaaggtgatccgggaggtcctgcaggcccgcaaggtcctaaaggcgaacgaggagaagccggaccacagggaccgatgggagcacgaggtgagcgtggggagactggcccccgaggtgaacctggtcctgcaggtccgagaggcgaacgaggagagaccggacctcagggacctcgtggagagccaggtccggcaggcagcgctgcaaatgtggctgatgcaacgacggcacagaagggaattgtgcagttaagcagcgcaacggacagtgatgatgaaacgaaggctgccaccccgaaagcggtgaaagcggcaatggatgtggcaaatgaagcgaaaacaaaggcagaagaggctgcagcaggaggtggtgttcccggtccgaaaggagataaaggggacacggggccagcaggtccggctgggccgaagggtgataagggagagcgcggtgacaccggccctgtcggggcaaccggcgaacggggaccggcaggtgatgctggtccggcaggcccgcaggggccgaaaggtgacaggggagagcggggagagaccggtctgacgggaaatgcaggtccacagggtccaaagggagataccggtgcggcaggcccggcaggcccacagggaccgaaaggagaaacaggtgcggctggcccggtgggggcaaccggacctcagggaccgaagggcgacccgggggagacacaaatacggttccgtctggggccgggaaacattattgagacaaacagcaatggctggttcccggatacagatggcgcactcatcaccggactgacctttcttgcccccaaagatgccacacgggttcagggtttttttcagcatttgcaggtcaggtttggtgacgggccgtggcaggatgttaaggggcttgatgaagtgggcagtgatacaggcagaacaggagaatga,22,3,16,10,13,16,14,8,4,8,4,11,5,2,7,6,4,0,23,2,9,7,27,13,5,4,9,11,0,3,12,5,23,11,26,25,33,17,16,19,38,22,28,34,1,5,14,11,0,2,0,2,3,0,3,3,1,0,2,0,2,3,1,4
Escherichia phage SH2026Stx1,Duplodnaviria,H3H24_gp65,bacteria,DNA,linear,NC_049919,YP_009908010_65,atgaacatactaaaaaaacttatgcagcgtctgtgcgggcacggaaagcatgatgaccgtgaagacggggagttacttacagcacagctgcgactgggaccggcagacattctggagtcagatgagaatggcattatcccggagcaggacagggtaatcacgcaggtggtgatactggatgcggataaaaagcagatacagtgcgtggtaagaccgctgcaaatcctgcgtgctgacgggaggtgggaaaatattggcgggatgaaatag,4,1,2,2,1,0,1,0,1,0,2,0,3,3,3,3,1,1,6,1,0,0,3,0,1,0,0,3,1,0,7,2,2,5,4,4,2,0,1,1,2,2,4,0,2,0,3,0,0,0,1,0,1,0,0,0,0,2,1,0,1,0,0,0
Escherichia phage SH2026Stx1,Duplodnaviria,H3H24_gp66,bacteria,DNA,linear,NC_049919,YP_009908011_66,atgaccgaatccagcgattacgaatccgtccaggtctttatcggcgttgatgtcggtaaagatacgcatcacgctgtagccattaatcgttcaggtaaacgcctgttcgataaagcattacccaacgacgaaaacaaactcaggtcgctaatatctgacctgaaacaacatggtcagatactgctggttgttgatcagccagctaccatcggtgcgttacctgtcgccgttgcccgctcagaaggagtccttgtcggatacctccctggactggccatgcgccgcatagccgacttacacgccggtgaagctaaaactgatgctcgtgacgctgccatcattgccgaagctgcccgtaccctgcctcacgcgctacgcacgctgaaactggctgacgagcaaatcgccgaactctccatgctctgcggcttcgatgatgatcttgccgcacagacaacgcaggccagcaaccgtatccgcggccttctgacccagatacatccggcactggagcgcgttctcggtccgagacttgatcacccggcggtactcgatcttctccagcgatatccctcaccagaaaaactcgcttcgctgggtgagaagaagctggcagcccagctctgcaaacttgcgcctcgtctgggtaaacgccttgcagcagacatagctcaggcactggccgaacaaaccgtcgtcgttcccggcacgaatgccgctgccgtagtactgccacgtctggcactccagctcatcacgctgcgtaagcaaagagacgaggtggcgcttgaggtagaacagcgagttcttgctcaccctctttacccggtcctgaccagtatgcccggagtcggtgtcaggaccgcagccagactcctcaccgaggtcgcctgccgcgccttcgcctctgccgcacatctcgctgcttatgctggccttgcgccggtaactcggcgatccggctcgtcaatacgcggtgagcatccctcgcgacggggtaataaagctctcaaacgggcgttgttcctgtcggccttcgccgcgctcagggatccgctctccagggcttactacacccgcaaaatgagtcagggaaaacgacacaatcaggcgcttatcgccctggcgagacgacgctgcgacgttctgttcgccatgatgcgcgacgggactttttataccccgcaggcgtcataa,14,3,3,4,1,10,5,3,4,2,4,2,6,7,7,2,4,6,14,5,3,5,7,5,6,13,3,7,2,17,21,12,10,9,7,12,10,25,11,16,5,6,1,11,6,12,1,8,1,5,0,3,5,5,5,2,0,4,0,0,3,6,1,2
Escherichia phage SH2026Stx1,Duplodnaviria,H3H24_gp67,bacteria,DNA,linear,NC_049919,YP_009908012_67,atgccggaaaatcgcaggattattctggatagtaaagaatcctggttaataatctgtgatagtcagttgggccatttaatgcgcagtatgtatcagggacgccgttttattcagctgaatctggaaaaattgaaaggggtacataatgtcgccttgccagtgaaatgggaattcacacgaagacagtga,4,0,0,3,1,0,0,0,1,0,1,3,1,1,3,3,0,0,4,2,1,0,1,0,1,3,0,1,0,0,3,0,4,0,0,2,0,1,0,0,1,1,1,0,1,1,1,0,0,0,0,1,0,1,0,0,1,0,2,1,2,1,3,1
Escherichia phage SH2026Stx1,Duplodnaviria,H3H24_gp68,bacteria,DNA,linear,NC_049919,YP_009908013_68,atgccctatatcgatatcaccacgatgcgtgggatgatgccgcgcgttgtgacatccatgctgcccgagcattccgctgtactggcggaggactgccatttccggtttggtgttattacaccagaacgtcagatatccggggttgagaaaacattcacaattaagccaaaaacaatttttcattaccgtgacgatttctggtttgcatggccggatgtggtggatgtgatccgcagtccgatcgctcaggacccccacgggcgtatttactacactgacgggcgttttcctaaagtgacggatgcgactattgccacaaaaggggacgggaatcacccgacatcatcgtatcgtctggggatccccgcgccgacgacagctcctgtctgtactgttcagcagggcggtgatgtttccgacgataacccgaatgatgatgaaacccggttttatacggaaacctttgtctcagattatggtgaagaaggtccgccaggtccggcgtctctggaggtaacactccgtactccgggaactgcggtacaactgacgctggctccggtgccattgcagaatgccagtattaaacgtcgccggatttatcgctctgcatcaggtggaggggaggcggattttttacttgtggctgaactggatgcatccgtgctcagttacacggacaaaataccggcgaaaaaccttgggccttccctggcgacatgggattacctgccgccgccagagaatatgacaggcctttgcctgatggctaacggtattgccgccgggtttgccggtaatgaagtgatgttttcggaagcgtatctgccgtatgcatggccggaagtgaatcgtcacacgacggcagaagatattgtagctatctgtccgctgggaacgtcactggtggtggcgacaaagggggagccttatttgttcagtggggtatcaccgtccacaatttctggttccaaaatcccttcaatgcaggcgtgtctgagcaggcggagtatggttgcgatggagggttttgtgctgtatgcaggaacaaatggcctggtgtctgttgatgcaaacggtaatgccgcgctggcgacggaacagattgtttcaccggaacagtggcagagtcagtttaatccggcctccattgtggcttatccctggcgtggtgaatacattgcctgttacacgaaaccggatggtaagcaggatgtgtttgtattcagtccggtgaacatggatatccgttatctcagtacaccgtttgactgcgcatgggttgatctcgcgaaagatatgatgcgcgtggtgacaggagacaaaatgtcagtgcttgccgggggggctctgccctccacgataaggtggcattcaaaaattttttcattacctgaaagaacctctttttcctgtatcagggtgaaatctccggcgcctgagcgggtggggatcaccattatggctgatgatgttcctgtgattcattttgcgccgggtacgtttaagggaagtgtggtgagacttccggcagcaaccgggcaaaactggcaggtgatggtatccggattcgggcaggtggaacgaataaccctgagtacatcaatgtcggagatgccggtatga,13,6,4,9,17,7,13,5,2,1,3,10,4,10,19,16,2,3,13,5,5,6,26,8,1,5,5,11,0,4,19,5,15,9,10,22,10,9,17,10,7,3,17,14,8,2,27,10,0,7,0,11,11,12,3,6,1,3,9,5,2,6,2,17
Escherichia phage SH2026Stx1,Duplodnaviria,H3H24_gp69,bacteria,DNA,linear,NC_049919,YP_009908014_69,atgaccagaaaaccgtggcgtgcggggaaggatttatccactgttgtggagaatatggaaattggcaccgggcagcgtggtgacggacgtcacgcatttgtgacccgtgaggaactggttggtcttaaactcgcccggcgtcgaacatcgggtggtgcctcatatgcactgaatccgggtattgagattgacagtactttaatgactgttgattttcccacaaaaccgctgaattttaaggcgaccggtggatttggctcggttcttcttgaatgggatatgcctaattatcgcggacattcactgactgaaatctggcggggtacggaggatgaccttgctgatgcagtgctggttgccacgacgccggggcaggtttacggcgatccggttgaccctggctggtcgggattttactggatacgttttgttaacgcggcaggagtgaaaggtccatggaatgctgaaaaaggcactcaggcacaaacacagatcggcgtgaaggccatcattgaccagatccgcgatgaggctgcaaagtcgccggttgtgtccgagctgcgtaaagaaataaaaaacgcgcaggggcaggctgtaaaggatgctgcaattaagacaaccgaagttgtagggactctcagggaagaaacgacaagaacgattggtggtattgaaacccgcattagcacactggattcgtcaaccagtgaatcgcttaatgaggtcgacaagcgcatcactaaattggataaagaaggcggtgaagcttttcttgcaatgtggtcaaaaaaagcgggagttgatggtatcactgcggggatcgggattgtcgccggaaaagacagtgaaggcaggcctgtaagtcaggttgcaatttctgcgtcgcagttgtttgtctttgacccgaataatccggataacacagcctatccgtttgcggtatcaggtggcaaggtagtgatcccgaaagcgatgatttatgacgcggtgattgaaacactggtgtcacggaaggttgtggcggatgaggtaaaagccggggtaagtatcacttcgccagttatccggagtgccgttattcagaacggaaactttcaggttgattctcagggtaacctgaatattggaggccttttcagtgttacgtcacaagggcaactgacaattcgttactctaatcagaatgtaggactggtgatccgcaatgataaaattgaggtttatgaccagaatggacgactggctgttcgcataggcagattacgctga,15,6,9,13,9,7,6,9,3,1,2,7,3,11,6,16,3,1,14,1,2,1,10,3,2,7,4,8,0,2,12,7,15,10,9,15,9,8,11,7,11,11,9,14,8,3,11,19,0,3,0,5,7,2,8,3,1,0,7,0,3,1,2,11
Escherichia phage SH2026Stx1,Duplodnaviria,H3H24_gp70,bacteria,DNA,linear,NC_049919,YP_009908015_70,ttggaatacggttttgccatttataacagaaataacgttaatgttacgggcgtgctgactccagtatttttcctggacagatttacagcggagtctggctcaaagacgtacactaataaacccgacgggaaatcattgcaggctgtatgttgtttatttccctggaataatgtatttgcggatcggaaagtaccgaagataaccattaatgacaatacggtgacgtggtcgaatcttgagcagggtatgggatcttatatttatacattctggggataa,3,2,2,8,2,1,4,2,2,0,0,0,1,0,1,3,0,0,2,0,1,2,1,0,0,0,1,0,0,0,2,1,1,3,2,1,0,1,2,1,2,2,1,2,4,0,2,2,1,2,0,3,2,0,1,2,0,0,3,2,1,2,2,5
Escherichia phage SH2026Stx1,Duplodnaviria,H3H24_gp71,bacteria,DNA,linear,NC_049919,YP_009908016_71,atgtacggtttgagcattatgaagccggatggcagcgtatggataagtccaggttttacgccgcagtgtctgatcaacaaaggcaccataccggcgactgaaaagtctttttttaaaacatcaatcccgtcaggcaaaagttgttttttctttatcagaacagagaagaaggccgatgtcatgtacacgcatgaacagattgatggatatcatgcactaaggcttcatgtaattgccaggggaacgaaccctggtgttacgacggtttatgctttcgcgaatatggttactccaccttctgagtatggtatcgccatgtataacccggacggtgagatgatttatcatggcgaaatgatgctgcttgacgcgaagttaatacctgttgatatcaaatttgaaaaggaccttggatatccatgcgcaatcatgcctgcactggtcgggtattataactggaaaagaactccttatgatcgaccgatttataccacatccactggtgctacaggaaataaaatatattcctgtgagcattattccggtggtgcaacatgggatattcgaaagccgtatatagataaggtcctggttattaatacatcagtatatgattag,6,4,8,3,6,2,5,4,2,2,2,2,5,6,9,7,0,0,2,5,3,0,7,5,2,0,0,0,1,0,4,3,4,3,4,8,4,3,3,2,4,4,1,8,3,3,0,5,0,2,1,14,3,3,0,2,0,1,3,3,1,2,1,6
Escherichia phage SH2026Stx1,Duplodnaviria,H3H24_gp72,bacteria,DNA,linear,NC_049919,YP_009908017_72,atgaagagtatagcaacactggttgtgtgtgcaatctccgggattgcctgtgtaaatttatctgcacatgcagcagaaggagagcatacaatttctctggggtatgcgcactttcagtttccgggactgaaggattttgtaaaggatgcgactgctcataacagggagactttcagtcatttcatcaacagaaactacttttcttcattgggcgaatatacagatggtcgggtcagtggatatgaaggcaaggataaaaatccacagggcattaatatcaggtatcgctacgagataacggatgattttggcgttatcacctcttttacatggacgcgttctctcactaactcacagacatttattgatgtgcagtcagccgatcatagcaggaagattaagaatccggcagcttctgccggaacggatatcagggcgaattactggagtctgttagcggggccttcatggcgggttaatcagtacatgagtttatatgcgatggcagggatgggcgttgctaaagttagcgctgacctgaaaattaaggacaatattaacagtagtggcggattttctgaaagcaacagcacgaaaaaaacctcccttgcgtgggctgcaggtgcacagtttaacctgaatgagagtgttacactggatgtggcttacgaaggttccggctctggcgactggcgcacgagtggcgttactgctggcattggcctgaaattctga,6,7,7,8,6,2,5,4,1,4,4,9,2,5,4,8,0,1,6,5,1,0,2,1,0,2,2,1,0,1,8,1,5,3,4,10,9,3,6,7,5,11,4,3,2,1,3,7,0,5,0,5,4,3,0,8,1,0,5,2,3,3,1,9
Escherichia phage SH2026Stx1,Duplodnaviria,H3H24_gp73,bacteria,DNA,linear,NC_049919,YP_009908018_73,atgtcgcaaaaatcgcttatcaccgtcacaatttgcatgacggttatcttcaccatctggatgttgcacggttcactgtgtgagttccggctgaatttgtggggagcggagtttgcggcgttcttacagtgtaagcagtag,1,0,1,1,1,2,1,0,0,0,0,0,0,3,3,1,1,1,2,0,0,0,0,0,0,0,1,0,0,0,2,1,0,0,2,0,0,0,3,0,1,0,0,1,0,1,0,1,0,0,1,0,1,0,2,0,0,1,2,2,1,3,2,1
Escherichia phage SH2026Stx1,Duplodnaviria,H3H24_gp74,bacteria,DNA,linear,NC_049919,YP_009908019_74,atggcacccgtttcaggtgagagaatgaacgataaaattctctggtatatgcagcgtgttgtgagaaattcccgcaaccctgaatttatgaatgaagttaaagacgcctgccttaaaaagcaggcgttttgttttgaggcacctgatggctttttggtgctgcgttctgtgctcagtgctgatggtatcccttatgttctggtgttgctgggcgtgtgtacggggagtaacagcgttgagcgttacctgccggaggtgaagacattaacccatctggctggcggacgctgggctgagttccatacggcaaggcggggatttatccggctgggaaaacgactgggctttgagcgaatgccggatgatgaggatggcttcatggtgttcaggatagcggtctga,4,3,2,2,1,1,2,0,2,1,2,2,1,2,6,1,0,0,2,2,0,1,2,3,2,2,2,3,0,2,7,1,2,1,7,6,3,1,2,3,3,5,1,2,0,1,7,5,0,1,0,2,1,1,0,1,1,1,2,2,1,3,2,6
Escherichia phage SH2026Stx1,Duplodnaviria,H3H24_gp75,bacteria,DNA,linear,NC_049919,YP_009908020_75,atgggtggaagtaaaggcggtggtgataccaaagtaaaaccaacagcagcgcaaatagcacaggaagaagtggcctggaaagggtggcaggattacaaaaatatcctccgcccggctgaagataacttcatggaaaaggtcgatgacctgaacagtgagcagcagtacgacaatattgctggcaccacaaatctggggtatcagaaacagtttggcgaagcacggaaggagcttgcgggtaatcttgctcagtccggcgttgacccatccagtggtcgttttaatgcggtaatgaatgcgaaccagagtgaccaggtaaccgggcagattgacacaaccacacgggggcaggtatcgcaggcagataagtatgttgccgggctacaggatgttgctgctctcggttctggtcagaaggcggatgcgttacagagttttaactctctggcagacagcagtctggcaaaagctaaatcggatgcacaggcggcgtttacgaaacagcaggggcgagcctctcttgttggcgctggtctgggtgcggcaggtgcatatgcgatgcataaggctggcggtagcggaggaagtggcggtgctaaaacacctggcaccggcgctaatgccattcagcatcaggctcagaactggagactgtga,10,5,5,7,5,5,1,0,1,2,0,7,1,1,4,3,1,0,21,2,2,0,1,1,1,1,2,1,1,2,6,3,5,6,2,8,9,4,10,11,3,9,6,12,4,1,1,4,0,2,0,3,0,2,2,3,1,0,3,0,1,1,0,4
Escherichia phage SH2026Stx1,Duplodnaviria,H3H24_gp76,bacteria,DNA,linear,NC_049919,YP_009908021_76,atggagtacggtaaatacgaaacacttgcaagatacggttataccggagcagcccgccctcagggggactggcagacatccgcagcgctgacccgccagcaatacgacgactggcgcaccagatatttaccccgtgtagcaaggctggctgaccttggggagaacaacagtctgatgaatgcacagcttgcacgggtgggaggccttgccacttccagtctccgtacagcgcagatggcgcaggataaccagatggcgagatacggggtaaaccgcccggataatcccgacagtaatacgctggggttacgtaatgccctggcaattgctggcgcgaaaaatggtatccgtgaagccgaacaggatcgccagatgaatattctgacgggggcttctgcaccggcaagacagaaactgagtgttggcggccaactggtggcagcgtaa,3,4,0,6,3,3,2,1,4,0,1,4,0,1,5,2,2,0,10,0,0,2,2,1,0,5,1,4,0,1,8,4,3,5,2,3,10,4,6,3,2,4,5,3,2,0,2,1,1,5,0,2,0,2,0,1,0,0,2,0,2,0,0,0
Escherichia phage SH2026Stx1,Duplodnaviria,H3H24_gp77,bacteria,DNA,linear,NC_049919,YP_009908022_77,atgggatacggtttactggatattgcaaatcagtcgcggcgtgaggcattacagggaataagtgacgcagacagacgacgtgaagaaattgaggctgcgaacaaacagatggcggcgcaacagaaagcgcagaacaagcagaatatcggtacgggcattggtacgggggtggctattggcgcatccgttggtggtcctgttggtgctgttgctggagcagtaattggcggcattgctggttctttgttttaa,2,2,1,2,0,0,2,0,1,0,0,1,1,1,2,6,1,0,6,0,0,0,0,1,1,0,1,2,0,0,1,0,2,2,2,1,5,0,4,5,3,4,1,7,1,0,1,3,1,1,0,0,0,1,1,1,0,0,0,0,2,0,1,1
Escherichia phage SH2026Stx1,Duplodnaviria,H3H24_gp78,bacteria,DNA,linear,NC_049919,YP_009908023_78,atgagcggatttgcacagggggtacttgccggattcagcaccgttgaccaggcaatgacccgtcgtaaggagcttggtctgcgtgaagcacagcttgcccggcaacagaaaaataacgagcgcgattttgagtttgcgcagtctcagtttgaacataataaaaacgttgatcagcggaactttgattacagagccaaagttgacgaccgtaattatgcactgaaggaaagggagtttaacgctaaccagaattaccggaatgcgtcgctggggatggaacagcaacgactccagttgcagaaatacaaccagcgacggcttgagtataacgatatgattgcccatagccagccactaatggaagcgcttggaaaagcaattgaggctggcgatcaggaggctgcaacgcgtctgttcgggcagctgccaaagggacatccattaattcttatgtcaaacgaaggctatgcagcgaaagcgggtcaggccgtgatcaacctgcaaaaaatctttggtgataagccggacatggcgatcgattcgctgaataccccggaaaatctcgatgtgctttccggcgtgtttgccccggaactacaacagcgtattggcatgcctgattcaaccggggaaaaaacgataaaagaggccaggattggcagtatcgtaccagcgcagcaggaagggtacgtacttattggccttgatctcacatacagcgatggctccaccgcgcataaacctgtaacagaatacggcagtgcgcaccctgatgatcaaaccgtgctggcgatacccgttgataaggctatcgctcaggtcagggatcgcagcaaatttgcagagatatcgaaaaattatggttattttatgccgaagcagcagggactttctctgaaagagcttcagaagggggccagcaacgtagcggcggacgcgatcaagaatggcggtaatgctcaggctgcggtggatgaatattatgctgcgactggttcacaaccgcatcaacagaaaattcagcaacaaaaacttcagcaacaggttatcaactgggcgggagatgatcctgataagctgtcatttgccagaaatgtagcggcccgtcagcctgaaatgctggaacctcagaatcagaaattgctggagaacgggtatgcgaattttctccgtattcaaaaggccaggggggaacaggccagagatgaaagtgcttcatctgcatctcagtttatccgtggactgaaacagaattacgcccagtaa,17,12,10,14,2,6,2,1,3,6,4,3,3,8,10,8,11,1,35,5,4,1,5,6,2,2,4,9,2,4,13,12,16,5,11,20,9,13,18,9,7,9,8,6,6,1,5,5,1,7,0,8,5,2,3,4,0,0,1,0,1,2,2,13
Escherichia phage SH2026Stx1,Duplodnaviria,H3H24_gp79,bacteria,DNA,linear,NC_049919,YP_009908024_79,atggcctattcagaggaacagcgtcctgaggcgcaactcggtaaccagaatcgtaacagcctgaacattcagcaacccggcgaaactgacagctatgaagcatttttctctgatccgaatcgctggaaggataacagtacgtcgttcagcctgggcgatgtattgccaacaatgggtaaaggtttcgcccagtccgtccggggaacaggggaaatggcccgtggactcggtgatgcgatgattcagagcccggtaaaaacaggggcgcgtattttaaatgagttcagccgtatggggctgccgggtgtcgcaactgtgcaggatatttttgccggtggcagcaggggggctgatgaggtcatcgataccctgcctgatggcaaaaacgcggttactgatactgtcggtaaaggtctgaaggcaaccggtaaggctgtcagtgatggtgctaaagcctcggatgaatggctgaccgataatatgtcgccgggtgctgtgcgtgcgctgaatacgccaatgagtgaaggctatgatgatcccgcagtctggctgacgaaggggatgaattttgtcggtgccgttgcggcagatgtgtttgctggcggtgtggctaaaaaggtgggtgatgtcacactgcgaaaaatgctgaccgccgggctggagaaaaaatacatcgcggcagggatgcagccggaaagagccacggcactggcagcagaagctgtcgataaaaaaatgccggatttattccgggcgggcctgatcacccattccacagtaagtgcacaggggcagagtgcaatggcggcagcagatgctgttcttaatgcggattactctgagctggcgcagtcaccgaaatttcagcagacgtttttgtccattgacgccgacccgcagcacgcacagcttactgatcgccagaaaatggacctggcaaaagagcgtgtggctgatgaggtgcgtgcgcaactggcaaccgatcctcagttgctggctgtgaatgccatggcggcaaaactgggcgatgctcagttgcttaatctggcgatgcggggcacggcgaataccgttaaaagcggcatgatcagaaacgccactgaacagggggcgattaatgcggcgcagggcggctattcacgctatcaggaaaacatggcactgcgtgataccgccggaatggatgtgtcgccgtgggagggcgtggctgacgcaacgatcgaaggtgcagcccttggtgctgcgatgggggcaccattcggtgcggttgccggatatcgtggcagacgtcaggcggcagatgaagccgccatgcgtgaggctgaagtcgtacagcaggacgacgcagccccgcaaccagaatctgttgatccggtggcgcagcatcgtgaatccatgcaggggatgaatcgcgagcagcttctggagcagtatgctgatgcggatatggcgacagagggtgacgcatccgcaactcatcgccgggaagccgccagccagctgttgaatgaactggacgaacaggcgaagcgacaggctgtgatgaatgagctgaaggcgaagccgcgttctgaactgcttgaggaataccgcagactcagccagaaagaggggcgcaccgagactgaagaacaacagtttcaggcaatacgagaagtcattcgcccacaacaggaagtgacgccggaagcacagtcacagtctgaaaatgcggaggatggtaacgggagcatttacccgacggtgcggttccgggacccgaatgaagtccgcattgaaattaacgggaatggtgcgtccagaccagcggaacgcattgaaaaggtgcgcccggacaaccgttatttcacggatgagaaaagcgccatggggagtgatgttttccgtaatgccgccgccaccggcctgaaaccgtccgtagtgaagaaaggcgagaatcagtatgccgttgaaatggataatcctgcgttctctgaaaatgtggcaacggaaaccattaacaccctggctgacggagagcgtattgctgatgctgacccgatggagcagcccgcgttcatgcgtgacccgcgattccgtggtttcacgggggatgatacggaggtacaggcccgccttgcccgtggcaacgcgccgacggcggaggagcttgtacgttcacagatggctgaaggtgatgccggtccgacagcacaggagttaactgagcgtccgcgtctgcccgcccccggcgatattcatcccggacagggatatccgttaccgggagaggtggcgcgtacgccggatgagaatcaggccggacgtggtggtcgttttaccacaaccggtgaggttaagggccagagtttccagaaaggacgcggcccggcacaggaaaacgccgctggtcgccagggggaaatactggagggcgaaactgttcgtcgtggtctgccgtcaccggatgagcagagtgttaccgccccggtacgtgaagggctaccggctcctgacattacacacaatgtccgcatgcctcagcctgaacagcttccccgaactgttcgcaactcattacctgagctggcacagcaggcagaagtacgccgacagacaggagaagttcgcgacatcccgcatgctgaaacaacagcacatgagtctgaaacagttgctgctactgatggtgaaggtgccgcacgcggaggtgttgccgggggcaaaaaaattgaagactttggcgaggaaattaaaggggcagccaaacaccgttatgcacagcttgctgaaacactgggtaaaacgctggaagacagggattatgccacgcagccgctgagcaaactgttcccgaaaccggactacgcaaaactggcgaacgaaggtgccgatgctgacactctggcaatgatagctctgtatcgtagcgatattccggcgaagacgaaacacaatacggcaggctggggggagagcgtaaaaaaagtacgacacagtgtatcggaaatgctgaacggaacggtcagcgcgaaacgcctcgcagaatggatggaaggcagaatgccctcccgttacgcggatacctggcaactgttacgcactctgccaccctcacagatggacagggcttctgcttatcgggtggtatcgggtgtgtatcaggcggcaggagggaagcgttacgatccgccacagaaactttattcactgcgcaataaggacaataaggggactaacctctttttctcggaaagcagggatgaattactgacaaaggcgaaagtctggtttgcagagcaggaggaaaaatcacaggcgaaaggtgatgaaaaaacagcgccttcaccggatgacaaaatccgctttgacgtttaccggaatacccgcagtggcgatatttttatcgcttacggtaaaaacaaaatgcgggtgagaggtggctttaagtcagccagtgatgcgcgtaagtacattgattcacatcgtgatgagcttgttcgtcatgtgaaggatatgcgggagatttcgcgtgaggagcagcgtaacgccaccaaccgcgaccgtaccggaccagaacgccgtaaaggggatgtttcaccggagcagttcagtgatgcgtttggtttccgtggtgtgcagtttggtaactacgtggaaggtccgcgtcgtcaggctgatttgaaccgggcttatgactcgctgcatgaccttgcggaagtactgaatgtaccgacaaaagcgctttccctgaacggtcgtcttggcctggcatttggtgcccgtggtaagggtaaggcggcggcacactatgagccgggtgaggtggcaatcaacctgacaaaaggtaacggaccgggggcgctggcccacgaatggttccattcactggataattattttggtcgttatgatgtttccactgacgggaagatcacgtcaggtggcgactatatgacggaagcacagcgtgccgggcgcgtatttaaagacggcaggtatgttgatgcggaatatccggtacgtcaggaggtttacgacgcgtttaaaggcgtgatgaaagccattaacagcagtgacatgttgcgtcgttctgaacgcctggatggcgttcgttcaaaaccgtactggtcaacggatgttgaaatggcggcgcgagcctttgagcgttatgttcaggataaagcgcgtatggctggcgtggagaatgattatctggtcaatatccgtaaggcggatgaccatggacagccggacacctacgcttatccgacgaatgcagaactggatggcggtattcgtgaggcattcgatcacttgttccgaacactgaaaacccgtgagacggacaagggagttgcgttttattcccgtaagggcgtgacccgcacacctgaaggcaatctgatttcggatgttaaccgcagtgcggaagccaaaggcagtccggtcccgcaggttgaagctgttgcccgtggcgtgattagtggcattaaggacagtgacctgaaggtccgcgtggtgaagtcacagaaagaggctgaagcactggcgggtgaatcattcgacggttacggcaaggtgcacgcgttctatcgtccggataaacgtgaaattgtcctggtggcggataacatccctgacgggcggaccgttcgcgagaagttacgtcacgagattattcaccatgcaatggagcatgtagtcacgccagcggaatatcagacgattattaagaccgtactgaaaacccgtgacagtgataacgccaccatccgtgacgcctggcgtaaggttgatgcgtcttatggtaaggaatcaccggaagtgcaggcaggtgaatttctggcacatatggcggagaaacagccgaataaatttgtggcggcgtgggagcgtgttgttgccctggtcaaaggggtactgcgtcgcacggggttactgaagccgacagagctgaacgatatcagacttgttcgcgaaactattcgcacgttaggccagcgtgtgcgggaaggttacacgccgcgtgaggatggcgctggcgcatcgtctcagtactcccgtagcggtaagcctgatccgttcaaagtgccggaaggtgagggcgagtgttatcgtgatgaccttgccagaatgatgaagtctctgcgcaccacagatttaacggtaaacatcgggcgtacgccgccggtattgcgtcaccttggcgcaccagatttgccgctggttatctcccgcgacactgtgcgtaaggccaccaatggagtgaaacatgtggtgccgatggatgttatcgagagactaccggaactgatgcacgatccggatgcaatttaccgttccgcgacagaaagaaatgcggttgtgatgctgcttgatgccgtggataaaaatggtgatccggtggtgtcggcagtgcacatgaaggcaacagataaacgaatagaaattaacaaggtggcttctgtatatggaacaaaaggggggatgaacaaagctaatagcctggataaagcaggtttgacgctttaccggaaggaaaaattaagccgcgataaccctcagtacagtgggcttcaattgcccaaagaggagcgttcttatcgcggctctgtagataaaatactctatcctgaagatattcgcaaggggccgtattactcccgtaccagcagtctgacaccggaagagacaattgcatcgcgttttgtgcgtcagatgcaggataaattccaggtgctgaaagctgttcaggagaacatccgtaaaactggcggaaaaatagacgacagtaacaacgcttatatggcggaagaactcttccacgggaaggcggaaaacgacctgaacgtgatgaaggagcgctacgttcagccactggctaaattactggcggactacaaaattgcgcaggccgatctggatgagtacctctacgcccgtcacgcgccggaacgtaacgcgcatatcgcgaaaatcaacccgaaaatgccggacggcggttcggggatgaccaacgcggaagcggcggaaatcatgcagcgtgtacgtaacagtggcaaacaggcacagtatgaccgtctggcagggattattgacgatatgctggcccgtcgccgtgagcttatccgtgaggctggacttgaagagagtggtgtggtggatgcctggcagaacgcctaccgttactacgttcccctgaaaggtcaggatattgacggtgtggtgtcactgccccgtacaggtaagggcttcactatcggcggacgtgaaagcaggcaggccatggggcgtgcatcccgtgcacagtctccgtccactcaggcgatacaggacctgagcgaatcgctgatccgccatcgcaaaaacgaagtgggtaacgccttcctgaaactggtacaggataatcccgacaaggattactggcaggtattcactgatgacagaccggataccatgcgtgtgattgcagagcgcaaggaccaggaaactggtgaaaccattcgcgaagttgtcgagcgtccggtggcgatggcaatgatggcagaccggtacttcaccaccaaaaagaacggcaaaacgtactacatcaaactccatgacccgcgcctgatgcgtgcgatgaagaatatgggaccggaaaccagtaacgccgtaatccgcacgctggggaaagttaaccgcttcctggcaacggtgaacacgtcgtataacccggaattcctggtcagtaacttcatccgtgacgtgcagacggcggtgatgaacctgaaggcggagcagggaaggagcgacggtaaactgaaagggctggataacttatccgccctggctgtggtgaaagacagccgttctgccatgtcagccgtatacgccagtctgcgtggtaaaaccctcacgggaaaaggtgcacagtggcagaaggtgtggaaagagtttgttgaggacggagggaaaaccggctggtttaacatgggtgaccttgaaggccagcagaaggaaatggatcgccttgtctcactggcgaaggggggatggaaaggccagagtatcggtgcatggaattcgttccttaaccttgtcgaggatgccaacggtgcggttgaaaacgctctgcgtctttctgcctataagcacgcccgtgatgccggtttgtcacgccagcaggcggcgtctcttgccaaaaacatgacggtgaactttaaccgtcgtggtgagcagggggcgctgatgaattcgctgtacatgttcgccaacgccagcattcagggaacggcaaatctggtgagaacgctcggacatcttaatggtgagggacctttactggagcgccttcgctggaagaatctgaatgttccgcagaaaatcgcgcttgccgctgtgggagcaggttatctgcttggctcgcttaaccgcagcgtggcgggtgagaatgatgacggggttaactggtatgataaggtgccgtctcatgtgaaagagcgtaacctcgtcattatgaaatcggtgttcgggggcaaggccggagagtactggagtattcctctgccttacgggtacaacgttttcttcctgctcgggcatactgctgaaggtgtggcggcgggtgacctgacggcgtcccgtgctgccggtaatgttgttggtggtgtgcttggtgcattcagcccgattggcagtgagacgtcggaaacactgtccggggcattgctgaaaaatgcagcgccgaccattctgcgtccgtttgcgaaccttgccatgaatgaaaacttcatgggggcgcagatttaccaggagaacatgccgtttggtacaccaaaacctgacagccagctgggaagacgttcaacgccagaagcgtacaaggcgtttgcatcctggctgaatgcgttctctggtggcagccagtaccgtcccggcgcggtggatatcacaccggaatcgctgaaatactgggtggactatatctccggagggacagggcgcttcatttccaaaaccacggatgcggcggtgaaatcgctgaatggtattgatataccggagcagcaggtgcccttcctggggaaaatttcaggtgaggtgatgccgtatgctgaccagcagaagatgtacgaccggatgacagaggttgcgcagtatcacgcagagctgaagagtctgaccggtgcagaaagaacggcgttcattgacgagaacaacggaaaattgtcgatgaacgggcttatgcaggatacccggaagagactgaaggatttgcgtaaacagcgtgatgccatttacgccgacagtactctcagtctggcgcaacagtcggcgatggtgaaatcggttgagcgggatatgaaaattgccgtggatcggtttaaccgcgagtacaacaaaaaagtgggagtggagtaa,107,74,61,52,33,41,47,25,16,30,7,32,8,31,84,54,9,18,118,21,14,15,82,18,10,56,19,109,2,14,115,37,108,70,92,114,77,77,105,50,37,60,54,88,29,26,81,50,1,44,0,44,27,23,26,21,0,0,24,1,15,44,16,32
