virus,realm,locus_tag,host,type,shape,accession,protein_id,coding,AAA,AAC,AAG,AAT,ACA,ACC,ACG,ACT,AGA,AGC,AGG,AGT,ATA,ATC,ATG,ATT,CAA,CAC,CAG,CAT,CCA,CCC,CCG,CCT,CGA,CGC,CGG,CGT,CTA,CTC,CTG,CTT,GAA,GAC,GAG,GAT,GCA,GCC,GCG,GCT,GGA,GGC,GGG,GGT,GTA,GTC,GTG,GTT,TAA,TAC,TAG,TAT,TCA,TCC,TCG,TCT,TGA,TGC,TGG,TGT,TTA,TTC,TTG,TTT
Utinga virus,Riboviria,FLB01_sLgp1,vertebrates,RNA,linear,NC_043594,YP_009666923_1,atggatttagcgtcgcaatttcgcaacagaatcctcgcctgcaacgatgctgaagtagctaaggatatctggagagatcttttaaatgaaaggcataactactttagtagagaattttgcagggccattgatctggaatataggaatgacattccttctgaggatatatgcatggaagtgcttgattatgatcaagcaaaaaaagttaggtactgtacacctgacaattacctaattgacaatggtaaagtctacattatagactttaaagtctctgttgatgacaaaagtgcaaagctaactaaagaaaaatatgattctatatttggtgaagtgtttgagccaaatgggattgattttgaagtagttataatcaggcataatcctaatgactcaagaacaatgattgattcacctaattttgagagagtaattggagcatttcaattagatatggatttatcttggttttttgaaatgaaggattttctatttggtaaattcagagatgatgagaagttcttgagtattatcaatcaaggagaatttacaatgactttaccatggattgaagaaaatacacctgagctatttaatcatccgatttacattgagtttattaattctatgccagaggaaaaaaggcaactgttcatagatgcagttaatttcaaatcatttggagctgaaaaatggaatatattcttaaaaaatacaatggagatgcatggaaaaaaatataaagagtatgttaaattccactctcataagattttttgtctagatggaaattttcctaaaccagcaaaagaggagattgacgaaggatggaaattaatggtcaaaagagttggtctagaaagaaatattacacaggatgtgaataaggaaaaacctagcatgcattttatatggtcaaaaaaccaccaaggttccaataataatatagcaaaattaatcaaattgagcactgcattacgttttatgagtgggacaagtacatacttaaatgcatttagatctttaggaactctgatggatatttcaacagatgttgaaaaatatgaattattttgcgctaaactaaaatccattgctcgttcaacgcataaaaagattgataaaaaaatagaaccattatctgtaggaacatcaactgtgttatgggagcagcaatttaaaattgatactgtatatatgactagggaagataggattcatttaatgaaagacttctttgggataggagctcataagtcctttagcaaaaaacaaaatgcagacttggatttggaaaaaccagtaattttagattttgaaaatagtgagatattgaggaaatgcaacacaaattacaacaatgtgaaaagtattttatctacagacaacgatttagacaagataggaaattatctagagcatttctcccaaagaattgaaagtgctagcccacaaatgtgggacatgatattcaagatcacaaaaactaaatattggcagtgtataaatgattattctgtgctgatgaaaaacatgttgtcagtgagtcaatacaaccggcacaacacattcagagtagtaacctgtgctaataatagcatgtttggtatagtaatgccaagttcagatataaagacgaagaaggctactctagtttactgtatcatatgcttgcatgaagatgaaaatgatatagtacactttggatcattacacaatacatttaaaacaaaaaatggttacatttcaatttccaaagcatttagacttgataaagaaagatgtcaaagaatagtatcaagtcctggcctatttataatgactagctgtttgctttataatggaaacgacaacttagatataatgtccatgctaaatttcagcttttttacttcagtttctatcacaaaatctatgttatctttaactgagccatcaagatatatgataatgaattcattagctgtatcaagccacgtcaaggagtacattgctgaaaaatttagcccgtatactaaaacaggattttcagtaattatgacaaatcttataaaaataggatgttataatgcttttgaacaaagaagcaggatacaattacgagatgtcaagttaactgattatgatataacacaaaaaggtgtcaattctgaaagggatctaaaatcaatatggtttgatggcagagtcaatcttaaagagtatttaaatcaaatatatatgccattctacttcaattcaaaagggttacatgaaaagcatcatgtcttgatagatcttgctaaaactatattagaaatagagaaagaacaaagaattgaaatacctcatccatggtctgaagagcctaaaaaacaaacagttaatttagatatactgatatattctatagcaagaaatctaaatttagatacatctagacacaattttgttagaagcaggattgagaatacaaataatttcaatagatctatatctacaatatccacatttactagttcaaagtcctgtataaaaataggcgatttccatgatattaaatcgaaatcagcaaaaaagaacaaaaattatattgaaaaagaatcaaaaaagatttctattgcaaacccagcattattagaagaagttactaatgaatctgaaataatacattccacatatctagatcttaaacaggcaatacctaattatactgattatatggcaacaaaagtatttgatcgattgtatgaaaaatttgctgacaaagaaattgacgatgccccagttataaaaactatattaaaaactatgagaagccacacaaaattttattttggatttttcaataagggtcaaaaaacagctaaagacagagaaatatttttaggtgaatatgaagcgaagatgtgtctctatttagtagagaggattgcaaaggagagatgtaaattaaatccagaagagatgataagtgaacctggtgattctaagcttagaatattagaaaaacaggcagaagaagaaattaggtatttaagtagaagcattaaaaatataaatgatgaaataaaaaatagactttctaacaaagatgaaaatcttcttcaagacttagaagatcttaaaactcatggccttaaaattgaaattaatgcagatatgtcaaaatggagtgcgcaagatgtgctttttaaatatttttggttaatagccctggatccaattctatatccagatgaaaggaaaagaattttatatttcctctgcaattatatgcaaaagagattgattctaccagatgaattgatgcaaactatactagatcaaagaattactagaaataatgatattatatctgagatgacagatggatacagaacaaatactgttgagatcaaacgaaattggttacagggaaatttgaattataccagtagctatttacatagttgctctatgtctgtatataaagacattgtgagagaagctgcactactattagaaggagattctttaatcaattcaatggtacactcagatgacaatcatacttctatatgttttatccaaaacaaacttgatgatgatattataatcaattttgcaatcacagtatttgaaatagtttgtttatcatttggaaatcaagcaaacatgaagaaaacatatttgacaaattttatcaaggaatttgtttcattattcaatatacatggggaacctttttctatttatggaagattcttgctaacagcagtgggtgattgtgcatacttaggaccatatgaagatctagccagcagattatctgctacacagacagccattaaacatgggtgtcctccatcacttgcttggctttcaatagctatgaaccattggataacacataacacatacaatatgttacctggtcaatcgaatgaccctatgccatatttcccagcccaatacagacacgaaatacctattgaaatgtgtggaatattgaatacagatttatctacaatagctttaatgggcttagagtcaggaaatctcacctttcttacagatcttctcagacgaatgtctcctgtgctattgcagagagaatctgttcaatcccaaattgaagctataaagacatgggatttaaaactactaactaaaatggacatactcaaaataaaggcattaaggtatatttcactagataatacaatcacaacagatgatggtatgggtgaaacaagtgacatgcgttctagatcattattaacacccagaaaattcactactagtggatcattgaatagattaagatcatataacgatttccagcaagtagcatcttcaaatgaaaaaattgaggacctgtttgaatactttgtaagtaagccacaattattggttacaaaaggtgaaaatatggaagaatatatgaattctatattgcttaggtataattcaaaaaaattcaaagaatctttgtcgattcaaaatccatctcaattatttattgagcaaatattgttctcaaacaagccagttattgattatactagcatacatgataaaatgttcagtatacaagacattccaggcattgaagaaactgacaccataattgggaagaagactttccctgaaagttatgtgcaaattgttgaggatctgaacacttttgatttgactactgatgatattattaccgtatattcattttgcctattgaatgacccgcttacaacaacatgtgcgaataatattattctgtctataaaaggtcatagccaagatagaactggacaatctgcatgtaaaatgcctgagatgaggagtctgaaattgatacatcattctcctgctttagttttaagggcttatgttaaaaatgagcgtgacgatgattgtgaggatgaagaaatggatagagacataacgcatttaaaagaattcattaaaaatactaaaatagaagaaaaaatgaaagaaaggattgccaataacgagaaaaagatgatgaaaagagacatgagatttgaaattaaagagctaactaagttttaccaaatttgttatgattatattaaatcgacagaacataaagtcaaagttttcatattaccttacaaagtatacacatctatagatttttgctctgcaataacagggaacactatatctgacaaccaatggtttataatacattatttaaaaaatataatatccacatcgcacaaagctcaaattgcctcatcgccagatctagaaattcaaatagcagatgagtgctttagattaattgcacattttgcagacacatttttgtcacaagaatctagaataccatttttgaaaaaggttgtcaaagaatttagtttcaaaaatatacctgttgtacaattactctcaaagttattgaatactaaaataagaactaaatttttgccaatattgttttatgtcaatcagttaacacaagaagatttaaataagtatgatgctgataaatctgatgaaagaatatcatggaataattggcaagtttctagagaactaaacactggtccgattgatctaataatcacaggttactctagacagataagaataacaggaaatgacgatactttaatagctgctgaactgcaagttactagaatctctggagatttaatacatagacatggtcaggctatgttaaataaaccacatggtttaaaatttgaaaaaatgagaaaagttgatgaattatcagataatctccattacatagtttatcaacaacgatcaaaaaaaagattcttttactctattcttcctaaacaaattatactagaccataataaaagagtttctttgtctaaaagtctatctgaatcaaaatgggtacctgtttgccctgtagctattagtaagctatatcaaactggtaaaccagacttatcaaaagtgaaaagactaaatatgcaagaatatcacttatcaaaattgcaagtgaaccctgaagaatttgcaataataaggagagcacaatttcagaaaatgactttcttcaatggccctgaactaaaaacaggaggaatagatttatcaaagatgatgaaaacaacatctatattaaatgtcaactatgataatattctaaaaacatccttattggatttatgtagaatatttaaatgtgatggattgccagaagatcaagatgcttttgaatttttatcagatgaagttatggagatcagtgttgaagaagaactagaatgtactcctatttttaacatatcatatagtaaaaaaggatctcaaaatatgacatacaagaatgcattccataaagctttaattagagaatgtgacaagtttgaggaagcttttgattttgtagacaatggattctgctcaaatgagaatttatctatacttgaagaaatacattggttagttgtcgagctcaaaactaatcaatggtctactgaattagacaaatgtatacacatgtgcatgtatagaaataatctggatgttgaatatcataaatttgatttaccagaagtcttttgtattgatcctattaacagggaggttaattgggcgaaagtaacattattcataaatgcattatcagaattccctattagaatggaaccatggaaatcaatcttagaaaatttctgcactaaatgtcggctactaatactagaaaaaactaaaataaaaaatcccagtgaaactatgttaacatttgtgaaccctaaaatgaagggaggaaaatccaaattcgaattttga,155,31,42,117,67,5,3,51,65,17,22,29,106,19,72,81,58,13,13,40,33,2,4,32,5,1,2,4,40,9,12,24,120,37,40,109,35,9,5,32,34,7,8,22,27,14,15,36,0,24,0,58,53,13,7,57,1,15,25,27,91,38,34,87
Utinga virus,Riboviria,FLB01_sLgp1,vertebrates,RNA,linear,NC_043594,YP_009666923_1,atggatttagcgtcgcaatttcgcaacagaatcctcgcctgcaacgatgctgaagtagctaaggatatctggagagatcttttaaatgaaaggcataactactttagtagagaattttgcagggccattgatctggaatataggaatgacattccttctgaggatatatgcatggaagtgcttgattatgatcaagcaaaaaaagttaggtactgtacacctgacaattacctaattgacaatggtaaagtctacattatagactttaaagtctctgttgatgacaaaagtgcaaagctaactaaagaaaaatatgattctatatttggtgaagtgtttgagccaaatgggattgattttgaagtagttataatcaggcataatcctaatgactcaagaacaatgattgattcacctaattttgagagagtaattggagcatttcaattagatatggatttatcttggttttttgaaatgaaggattttctatttggtaaattcagagatgatgagaagttcttgagtattatcaatcaaggagaatttacaatgactttaccatggattgaagaaaatacacctgagctatttaatcatccgatttacattgagtttattaattctatgccagaggaaaaaaggcaactgttcatagatgcagttaatttcaaatcatttggagctgaaaaatggaatatattcttaaaaaatacaatggagatgcatggaaaaaaatataaagagtatgttaaattccactctcataagattttttgtctagatggaaattttcctaaaccagcaaaagaggagattgacgaaggatggaaattaatggtcaaaagagttggtctagaaagaaatattacacaggatgtgaataaggaaaaacctagcatgcattttatatggtcaaaaaaccaccaaggttccaataataatatagcaaaattaatcaaattgagcactgcattacgttttatgagtgggacaagtacatacttaaatgcatttagatctttaggaactctgatggatatttcaacagatgttgaaaaatatgaattattttgcgctaaactaaaatccattgctcgttcaacgcataaaaagattgataaaaaaatagaaccattatctgtaggaacatcaactgtgttatgggagcagcaatttaaaattgatactgtatatatgactagggaagataggattcatttaatgaaagacttctttgggataggagctcataagtcctttagcaaaaaacaaaatgcagacttggatttggaaaaaccagtaattttagattttgaaaatagtgagatattgaggaaatgcaacacaaattacaacaatgtgaaaagtattttatctacagacaacgatttagacaagataggaaattatctagagcatttctcccaaagaattgaaagtgctagcccacaaatgtgggacatgatattcaagatcacaaaaactaaatattggcagtgtataaatgattattctgtgctgatgaaaaacatgttgtcagtgagtcaatacaaccggcacaacacattcagagtagtaacctgtgctaataatagcatgtttggtatagtaatgccaagttcagatataaagacgaagaaggctactctagtttactgtatcatatgcttgcatgaagatgaaaatgatatagtacactttggatcattacacaatacatttaaaacaaaaaatggttacatttcaatttccaaagcatttagacttgataaagaaagatgtcaaagaatagtatcaagtcctggcctatttataatgactagctgtttgctttataatggaaacgacaacttagatataatgtccatgctaaatttcagcttttttacttcagtttctatcacaaaatctatgttatctttaactgagccatcaagatatatgataatgaattcattagctgtatcaagccacgtcaaggagtacattgctgaaaaatttagcccgtatactaaaacaggattttcagtaattatgacaaatcttataaaaataggatgttataatgcttttgaacaaagaagcaggatacaattacgagatgtcaagttaactgattatgatataacacaaaaaggtgtcaattctgaaagggatctaaaatcaatatggtttgatggcagagtcaatcttaaagagtatttaaatcaaatatatatgccattctacttcaattcaaaagggttacatgaaaagcatcatgtcttgatagatcttgctaaaactatattagaaatagagaaagaacaaagaattgaaatacctcatccatggtctgaagagcctaaaaaacaaacagttaatttagatatactgatatattctatagcaagaaatctaaatttagatacatctagacacaattttgttagaagcaggattgagaatacaaataatttcaatagatctatatctacaatatccacatttactagttcaaagtcctgtataaaaataggcgatttccatgatattaaatcgaaatcagcaaaaaagaacaaaaattatattgaaaaagaatcaaaaaagatttctattgcaaacccagcattattagaagaagttactaatgaatctgaaataatacattccacatatctagatcttaaacaggcaatacctaattatactgattatatggcaacaaaagtatttgatcgattgtatgaaaaatttgctgacaaagaaattgacgatgccccagttataaaaactatattaaaaactatgagaagccacacaaaattttattttggatttttcaataagggtcaaaaaacagctaaagacagagaaatatttttaggtgaatatgaagcgaagatgtgtctctatttagtagagaggattgcaaaggagagatgtaaattaaatccagaagagatgataagtgaacctggtgattctaagcttagaatattagaaaaacaggcagaagaagaaattaggtatttaagtagaagcattaaaaatataaatgatgaaataaaaaatagactttctaacaaagatgaaaatcttcttcaagacttagaagatcttaaaactcatggccttaaaattgaaattaatgcagatatgtcaaaatggagtgcgcaagatgtgctttttaaatatttttggttaatagccctggatccaattctatatccagatgaaaggaaaagaattttatatttcctctgcaattatatgcaaaagagattgattctaccagatgaattgatgcaaactatactagatcaaagaattactagaaataatgatattatatctgagatgacagatggatacagaacaaatactgttgagatcaaacgaaattggttacagggaaatttgaattataccagtagctatttacatagttgctctatgtctgtatataaagacattgtgagagaagctgcactactattagaaggagattctttaatcaattcaatggtacactcagatgacaatcatacttctatatgttttatccaaaacaaacttgatgatgatattataatcaattttgcaatcacagtatttgaaatagtttgtttatcatttggaaatcaagcaaacatgaagaaaacatatttgacaaattttatcaaggaatttgtttcattattcaatatacatggggaacctttttctatttatggaagattcttgctaacagcagtgggtgattgtgcatacttaggaccatatgaagatctagccagcagattatctgctacacagacagccattaaacatgggtgtcctccatcacttgcttggctttcaatagctatgaaccattggataacacataacacatacaatatgttacctggtcaatcgaatgaccctatgccatatttcccagcccaatacagacacgaaatacctattgaaatgtgtggaatattgaatacagatttatctacaatagctttaatgggcttagagtcaggaaatctcacctttcttacagatcttctcagacgaatgtctcctgtgctattgcagagagaatctgttcaatcccaaattgaagctataaagacatgggatttaaaactactaactaaaatggacatactcaaaataaaggcattaaggtatatttcactagataatacaatcacaacagatgatggtatgggtgaaacaagtgacatgcgttctagatcattattaacacccagaaaattcactactagtggatcattgaatagattaagatcatataacgatttccagcaagtagcatcttcaaatgaaaaaattgaggacctgtttgaatactttgtaagtaagccacaattattggttacaaaaggtgaaaatatggaagaatatatgaattctatattgcttaggtataattcaaaaaaattcaaagaatctttgtcgattcaaaatccatctcaattatttattgagcaaatattgttctcaaacaagccagttattgattatactagcatacatgataaaatgttcagtatacaagacattccaggcattgaagaaactgacaccataattgggaagaagactttccctgaaagttatgtgcaaattgttgaggatctgaacacttttgatttgactactgatgatattattaccgtatattcattttgcctattgaatgacccgcttacaacaacatgtgcgaataatattattctgtctataaaaggtcatagccaagatagaactggacaatctgcatgtaaaatgcctgagatgaggagtctgaaattgatacatcattctcctgctttagttttaagggcttatgttaaaaatgagcgtgacgatgattgtgaggatgaagaaatggatagagacataacgcatttaaaagaattcattaaaaatactaaaatagaagaaaaaatgaaagaaaggattgccaataacgagaaaaagatgatgaaaagagacatgagatttgaaattaaagagctaactaagttttaccaaatttgttatgattatattaaatcgacagaacataaagtcaaagttttcatattaccttacaaagtatacacatctatagatttttgctctgcaataacagggaacactatatctgacaaccaatggtttataatacattatttaaaaaatataatatccacatcgcacaaagctcaaattgcctcatcgccagatctagaaattcaaatagcagatgagtgctttagattaattgcacattttgcagacacatttttgtcacaagaatctagaataccatttttgaaaaaggttgtcaaagaatttagtttcaaaaatatacctgttgtacaattactctcaaagttattgaatactaaaataagaactaaatttttgccaatattgttttatgtcaatcagttaacacaagaagatttaaataagtatgatgctgataaatctgatgaaagaatatcatggaataattggcaagtttctagagaactaaacactggtccgattgatctaataatcacaggttactctagacagataagaataacaggaaatgacgatactttaatagctgctgaactgcaagttactagaatctctggagatttaatacatagacatggtcaggctatgttaaataaaccacatggtttaaaatttgaaaaaatgagaaaagttgatgaattatcagataatctccattacatagtttatcaacaacgatcaaaaaaaagattcttttactctattcttcctaaacaaattatactagaccataataaaagagtttctttgtctaaaagtctatctgaatcaaaatgggtacctgtttgccctgtagctattagtaagctatatcaaactggtaaaccagacttatcaaaagtgaaaagactaaatatgcaagaatatcacttatcaaaattgcaagtgaaccctgaagaatttgcaataataaggagagcacaatttcagaaaatgactttcttcaatggccctgaactaaaaacaggaggaatagatttatcaaagatgatgaaaacaacatctatattaaatgtcaactatgataatattctaaaaacatccttattggatttatgtagaatatttaaatgtgatggattgccagaagatcaagatgcttttgaatttttatcagatgaagttatggagatcagtgttgaagaagaactagaatgtactcctatttttaacatatcatatagtaaaaaaggatctcaaaatatgacatacaagaatgcattccataaagctttaattagagaatgtgacaagtttgaggaagcttttgattttgtagacaatggattctgctcaaatgagaatttatctatacttgaagaaatacattggttagttgtcgagctcaaaactaatcaatggtctactgaattagacaaatgtatacacatgtgcatgtatagaaataatctggatgttgaatatcataaatttgatttaccagaagtcttttgtattgatcctattaacagggaggttaattgggcgaaagtaacattattcataaatgcattatcagaattccctattagaatggaaccatggaaatcaatcttagaaaatttctgcactaaatgtcggctactaatactagaaaaaactaaaataaaaaatcccagtgaaactatgttaacatttgtgaaccctaaaatgaagggaggaaaatccaaattcgaattttga,155,31,42,117,67,5,3,51,65,17,22,29,106,19,72,81,58,13,13,40,33,2,4,32,5,1,2,4,40,9,12,24,120,37,40,109,35,9,5,32,34,7,8,22,27,14,15,36,0,24,0,58,53,13,7,57,1,15,25,27,91,38,34,87
Utinga virus,Riboviria,FLB01_sLgp1,vertebrates,RNA,linear,NC_043594,YP_009666923_1,atggatttagcgtcgcaatttcgcaacagaatcctcgcctgcaacgatgctgaagtagctaaggatatctggagagatcttttaaatgaaaggcataactactttagtagagaattttgcagggccattgatctggaatataggaatgacattccttctgaggatatatgcatggaagtgcttgattatgatcaagcaaaaaaagttaggtactgtacacctgacaattacctaattgacaatggtaaagtctacattatagactttaaagtctctgttgatgacaaaagtgcaaagctaactaaagaaaaatatgattctatatttggtgaagtgtttgagccaaatgggattgattttgaagtagttataatcaggcataatcctaatgactcaagaacaatgattgattcacctaattttgagagagtaattggagcatttcaattagatatggatttatcttggttttttgaaatgaaggattttctatttggtaaattcagagatgatgagaagttcttgagtattatcaatcaaggagaatttacaatgactttaccatggattgaagaaaatacacctgagctatttaatcatccgatttacattgagtttattaattctatgccagaggaaaaaaggcaactgttcatagatgcagttaatttcaaatcatttggagctgaaaaatggaatatattcttaaaaaatacaatggagatgcatggaaaaaaatataaagagtatgttaaattccactctcataagattttttgtctagatggaaattttcctaaaccagcaaaagaggagattgacgaaggatggaaattaatggtcaaaagagttggtctagaaagaaatattacacaggatgtgaataaggaaaaacctagcatgcattttatatggtcaaaaaaccaccaaggttccaataataatatagcaaaattaatcaaattgagcactgcattacgttttatgagtgggacaagtacatacttaaatgcatttagatctttaggaactctgatggatatttcaacagatgttgaaaaatatgaattattttgcgctaaactaaaatccattgctcgttcaacgcataaaaagattgataaaaaaatagaaccattatctgtaggaacatcaactgtgttatgggagcagcaatttaaaattgatactgtatatatgactagggaagataggattcatttaatgaaagacttctttgggataggagctcataagtcctttagcaaaaaacaaaatgcagacttggatttggaaaaaccagtaattttagattttgaaaatagtgagatattgaggaaatgcaacacaaattacaacaatgtgaaaagtattttatctacagacaacgatttagacaagataggaaattatctagagcatttctcccaaagaattgaaagtgctagcccacaaatgtgggacatgatattcaagatcacaaaaactaaatattggcagtgtataaatgattattctgtgctgatgaaaaacatgttgtcagtgagtcaatacaaccggcacaacacattcagagtagtaacctgtgctaataatagcatgtttggtatagtaatgccaagttcagatataaagacgaagaaggctactctagtttactgtatcatatgcttgcatgaagatgaaaatgatatagtacactttggatcattacacaatacatttaaaacaaaaaatggttacatttcaatttccaaagcatttagacttgataaagaaagatgtcaaagaatagtatcaagtcctggcctatttataatgactagctgtttgctttataatggaaacgacaacttagatataatgtccatgctaaatttcagcttttttacttcagtttctatcacaaaatctatgttatctttaactgagccatcaagatatatgataatgaattcattagctgtatcaagccacgtcaaggagtacattgctgaaaaatttagcccgtatactaaaacaggattttcagtaattatgacaaatcttataaaaataggatgttataatgcttttgaacaaagaagcaggatacaattacgagatgtcaagttaactgattatgatataacacaaaaaggtgtcaattctgaaagggatctaaaatcaatatggtttgatggcagagtcaatcttaaagagtatttaaatcaaatatatatgccattctacttcaattcaaaagggttacatgaaaagcatcatgtcttgatagatcttgctaaaactatattagaaatagagaaagaacaaagaattgaaatacctcatccatggtctgaagagcctaaaaaacaaacagttaatttagatatactgatatattctatagcaagaaatctaaatttagatacatctagacacaattttgttagaagcaggattgagaatacaaataatttcaatagatctatatctacaatatccacatttactagttcaaagtcctgtataaaaataggcgatttccatgatattaaatcgaaatcagcaaaaaagaacaaaaattatattgaaaaagaatcaaaaaagatttctattgcaaacccagcattattagaagaagttactaatgaatctgaaataatacattccacatatctagatcttaaacaggcaatacctaattatactgattatatggcaacaaaagtatttgatcgattgtatgaaaaatttgctgacaaagaaattgacgatgccccagttataaaaactatattaaaaactatgagaagccacacaaaattttattttggatttttcaataagggtcaaaaaacagctaaagacagagaaatatttttaggtgaatatgaagcgaagatgtgtctctatttagtagagaggattgcaaaggagagatgtaaattaaatccagaagagatgataagtgaacctggtgattctaagcttagaatattagaaaaacaggcagaagaagaaattaggtatttaagtagaagcattaaaaatataaatgatgaaataaaaaatagactttctaacaaagatgaaaatcttcttcaagacttagaagatcttaaaactcatggccttaaaattgaaattaatgcagatatgtcaaaatggagtgcgcaagatgtgctttttaaatatttttggttaatagccctggatccaattctatatccagatgaaaggaaaagaattttatatttcctctgcaattatatgcaaaagagattgattctaccagatgaattgatgcaaactatactagatcaaagaattactagaaataatgatattatatctgagatgacagatggatacagaacaaatactgttgagatcaaacgaaattggttacagggaaatttgaattataccagtagctatttacatagttgctctatgtctgtatataaagacattgtgagagaagctgcactactattagaaggagattctttaatcaattcaatggtacactcagatgacaatcatacttctatatgttttatccaaaacaaacttgatgatgatattataatcaattttgcaatcacagtatttgaaatagtttgtttatcatttggaaatcaagcaaacatgaagaaaacatatttgacaaattttatcaaggaatttgtttcattattcaatatacatggggaacctttttctatttatggaagattcttgctaacagcagtgggtgattgtgcatacttaggaccatatgaagatctagccagcagattatctgctacacagacagccattaaacatgggtgtcctccatcacttgcttggctttcaatagctatgaaccattggataacacataacacatacaatatgttacctggtcaatcgaatgaccctatgccatatttcccagcccaatacagacacgaaatacctattgaaatgtgtggaatattgaatacagatttatctacaatagctttaatgggcttagagtcaggaaatctcacctttcttacagatcttctcagacgaatgtctcctgtgctattgcagagagaatctgttcaatcccaaattgaagctataaagacatgggatttaaaactactaactaaaatggacatactcaaaataaaggcattaaggtatatttcactagataatacaatcacaacagatgatggtatgggtgaaacaagtgacatgcgttctagatcattattaacacccagaaaattcactactagtggatcattgaatagattaagatcatataacgatttccagcaagtagcatcttcaaatgaaaaaattgaggacctgtttgaatactttgtaagtaagccacaattattggttacaaaaggtgaaaatatggaagaatatatgaattctatattgcttaggtataattcaaaaaaattcaaagaatctttgtcgattcaaaatccatctcaattatttattgagcaaatattgttctcaaacaagccagttattgattatactagcatacatgataaaatgttcagtatacaagacattccaggcattgaagaaactgacaccataattgggaagaagactttccctgaaagttatgtgcaaattgttgaggatctgaacacttttgatttgactactgatgatattattaccgtatattcattttgcctattgaatgacccgcttacaacaacatgtgcgaataatattattctgtctataaaaggtcatagccaagatagaactggacaatctgcatgtaaaatgcctgagatgaggagtctgaaattgatacatcattctcctgctttagttttaagggcttatgttaaaaatgagcgtgacgatgattgtgaggatgaagaaatggatagagacataacgcatttaaaagaattcattaaaaatactaaaatagaagaaaaaatgaaagaaaggattgccaataacgagaaaaagatgatgaaaagagacatgagatttgaaattaaagagctaactaagttttaccaaatttgttatgattatattaaatcgacagaacataaagtcaaagttttcatattaccttacaaagtatacacatctatagatttttgctctgcaataacagggaacactatatctgacaaccaatggtttataatacattatttaaaaaatataatatccacatcgcacaaagctcaaattgcctcatcgccagatctagaaattcaaatagcagatgagtgctttagattaattgcacattttgcagacacatttttgtcacaagaatctagaataccatttttgaaaaaggttgtcaaagaatttagtttcaaaaatatacctgttgtacaattactctcaaagttattgaatactaaaataagaactaaatttttgccaatattgttttatgtcaatcagttaacacaagaagatttaaataagtatgatgctgataaatctgatgaaagaatatcatggaataattggcaagtttctagagaactaaacactggtccgattgatctaataatcacaggttactctagacagataagaataacaggaaatgacgatactttaatagctgctgaactgcaagttactagaatctctggagatttaatacatagacatggtcaggctatgttaaataaaccacatggtttaaaatttgaaaaaatgagaaaagttgatgaattatcagataatctccattacatagtttatcaacaacgatcaaaaaaaagattcttttactctattcttcctaaacaaattatactagaccataataaaagagtttctttgtctaaaagtctatctgaatcaaaatgggtacctgtttgccctgtagctattagtaagctatatcaaactggtaaaccagacttatcaaaagtgaaaagactaaatatgcaagaatatcacttatcaaaattgcaagtgaaccctgaagaatttgcaataataaggagagcacaatttcagaaaatgactttcttcaatggccctgaactaaaaacaggaggaatagatttatcaaagatgatgaaaacaacatctatattaaatgtcaactatgataatattctaaaaacatccttattggatttatgtagaatatttaaatgtgatggattgccagaagatcaagatgcttttgaatttttatcagatgaagttatggagatcagtgttgaagaagaactagaatgtactcctatttttaacatatcatatagtaaaaaaggatctcaaaatatgacatacaagaatgcattccataaagctttaattagagaatgtgacaagtttgaggaagcttttgattttgtagacaatggattctgctcaaatgagaatttatctatacttgaagaaatacattggttagttgtcgagctcaaaactaatcaatggtctactgaattagacaaatgtatacacatgtgcatgtatagaaataatctggatgttgaatatcataaatttgatttaccagaagtcttttgtattgatcctattaacagggaggttaattgggcgaaagtaacattattcataaatgcattatcagaattccctattagaatggaaccatggaaatcaatcttagaaaatttctgcactaaatgtcggctactaatactagaaaaaactaaaataaaaaatcccagtgaaactatgttaacatttgtgaaccctaaaatgaagggaggaaaatccaaattcgaattttga,155,31,42,117,67,5,3,51,65,17,22,29,106,19,72,81,58,13,13,40,33,2,4,32,5,1,2,4,40,9,12,24,120,37,40,109,35,9,5,32,34,7,8,22,27,14,15,36,0,24,0,58,53,13,7,57,1,15,25,27,91,38,34,87
Utinga virus,Riboviria,FLB01_sMgp1,vertebrates,RNA,linear,NC_043595,YP_009666924_2,atgtttctaatttttattctcatccaaattgctgcgtcgacgccattgtctccgcaacaagttggtgacagatgctttattggtggctctcttattaaagagataaaccaatctactggactaggagaagtatgtataaaagatgatatatccatcatcaaaagtattaacatccaaaagaaaatttcaaatgatcaggttcaaaatactgtcaaattttacaagacttatattgctagagaatggcatgattgcaacccgatatttgatgaacatggctcatttatggtatttgacatctccaatactggctctataatacctaaaatgcatacatgcagagcccaatgtgaaataacattaaataaagataatgctgaggttatattcacttctgccaaaactaatcattatgaagtttctggaacaacaactgtaaatggttggtttaaacaaactataagcgtttcgttagaacatacttgcgagcatataattgcaagctgcggacaaaaatcattaaaattccatgcatgttttagacagcatcgttcatgcgttagattctttagaaatagttatttaccatataaaatgatagaaagtttatgtataaatatagaattaattattatattatgttacgctttattatgctttatttttgcttacattattacaaagacatatatagcttacttattaattcctttgttctatcctataacatacatatatggaaaaatatataataaatattttaagaggtgtaaatcctgtttgctagctgttcacccattaactaactgcaataaaacatgcgtgtgtggatgccgattcaattcaacagaagcactcaaagtacatagattaggtaaagattgtaatggtttcaaagcattaagtaaagctagattcttatgcaaatctacagggccttcttttactatctgctttttaacaggaatgcttattttaagctttattacgccaattaattctgaaaagttatataaattagaagaacttccagatgattatattaatttagaaaatcaattatctgaatgcaacaataataagcaaataactagagctttagctgttgcttgcatattagggaatattctattcgtattatttttcaaatttatttacaataaactaatcaacaatatatataggacatgcaatctatgtaatatggtccatcatagaaagaatttaaaaatctatagtgaatttactaataaatgcggtacatgtgtatgtggatttaatgaagaaataagaagtgggtttgattatgaagtatttataaaagatatgcatatttttagagataattgcttattcaaattttactcaaaatattcaataatatatatatgcattataatcctagtaattaatcttcaattaggaatgacgttagcggaggagacagagactaattgtttaaatctgccaatttctgctcaaacactggatatagtcaaatgttatggtcttaatttaaatataactgaaaataaacaaaaatctgatttaattagtgagttgaaaagtcaaaaaactataactgatcatgacatacctgattttaatataattgatatgaaaacagagtctgcattcgaaaagatcgaaacagcagaaaatatacacagaatggcatttttagaatatatattatataaaatggaatctaaattaaatactattaagactaattcaggaccatataatgtagcatggcgaacatatattaaataccacaacttagatgcatgtggaaaatacccacataagactatatgcacatgtataaatgctcatttgtcttgtagtcagccaacagttgattctaacagcgaaattaagacattttattctaatcatcagtcagcttttaaaaatgatataaatgtgctaattgaaacaatctcaattgcttttagaggaattattaaggtttctataaatttactattaaagaataacaaaatagatgagctcaaggaattgttgaccaacatatcaaaaaaattagacacaaatattcaaatgaaagggattttattgtttacagcagagcagttgaagacacaagagacaactgttaaatctatgcagcaaacaagaatggccataatagtcaaacctttagaatctatgacaggagataaatttgacaattttagtacaaccaatagaaacataacaaaatgcaaagaagctaaatcattaagctgttatatgaccaggaaaaattctataaataaatatctactttgtaacttagatggttataaaatattttcttggccagaaaaacctacactcagtataaacaataatatttgtattggtgactcgcattgtaatttatattttaaaccaatcttaaatgatgaagctataaaaactattaactgctataaaggtgatttcactcctaatccaatggatatgggatctgcaatcaaaaaatgtgaggccaaggagattggcgattgtttagtaggtgataataacatgtggcctattatacaatgcagtaatgaaaagtattattacgctgatgggaagaatcatgccaaagagggagatataaattcatattgtttatcagaaaaatgcaatactgataggtttccaattcataatgaatggtttaaaagttgcaaatggataagtactattaaagagtccatttctgttaaagaatttgttcatttagatatagaatcatataaaaagggcattgagtcagatattagaacagatttaattatacataaattcagacctgtaaaaaacttaccacatatagctccaaagtataaatccataactataagtggtatattagttgcagatggaatacaaaatgcttttgtatctggcgaaatgcctgcaataagtggattgggaataggttataatttgtattcacctgatgggacaaaattgttcgatatagtattgtttttgagaaaggcaatatacaaatcatcatataaattaatttataaaacaggtccaacaataggaattaatgtagaacataatgagcagtgcactggctcatgcccatcaacaattcctaaacaagaaggttggttgaccttttcaaaagaacacacaagccaatggggctgtgaagaatttggatgtttagctatagatactggatgtttatatggttcatgtcaagacattataagaccagaaatgtctatctataaaatgttaggtgaagaaatgacatcaatagaaatatgcttaactactcctaaagaaacatactgtaatgacttagacttgcttgaaccattaattggtgacaaaattgaagttagtttccaaactgtacaatccagtcatatgccaaaaattattgcagttaaaaataataaggtttatactggacaaatcaatgatatagggaatacagcaaatatttgtggatctgtacaaataataaataaaactgttattggtcaaggaaatcctaaatttgactacttatgtcacgcaatgaaaaggaaggatgttatagttaggaaatgttatgataaccattttgagacttgcaaattgttggaagaaagaagtgaaatattgataaatcaacaatcagacacaatagcagcaagtatgagtggaaaaaatttgggaattatgaactttaaatttgcactaggtgatattgattataaaacatttacggaagatgcaagttttgatattaaaggccagtgtgttgggtgtataaattgcatagaagaaattgtatgtgaattaaatattgtaagcacatcatctatattatgtacaattaaaacaccatgtgaaaactaccataattcattagaaattaacccagcaactactaaatatcatattaaaatgtcttgccctcataatatcgacaagatgaaaatcacaatttgttctaaagacttagaaatgccattgacattaaaacagcatgatcaaaaaatagatctatctaaattagatgaatctaattatataaaggaagaagatttaaggtgcagtacatggctttgcaaagttaaagaagaagggataggattcatattttctggtatttttggaaattttggaaaatactggacaatcttcttgattgttttagtaattctggcaactgggctattgggtatatttgtaatttatccatgctgtaaaagattaagaggattcttagaaattaatgatatagcttatttggctgaacaaaaaatgaaataa,103,20,25,81,49,4,4,37,23,7,7,23,82,18,31,71,32,5,9,29,24,0,2,16,2,0,0,1,13,4,3,8,66,14,18,50,23,5,2,23,30,9,10,22,20,4,2,23,1,15,0,45,27,6,3,33,0,33,11,39,68,18,24,51
Utinga virus,Riboviria,FLB01_sMgp1,vertebrates,RNA,linear,NC_043595,YP_009666924_2,atgtttctaatttttattctcatccaaattgctgcgtcgacgccattgtctccgcaacaagttggtgacagatgctttattggtggctctcttattaaagagataaaccaatctactggactaggagaagtatgtataaaagatgatatatccatcatcaaaagtattaacatccaaaagaaaatttcaaatgatcaggttcaaaatactgtcaaattttacaagacttatattgctagagaatggcatgattgcaacccgatatttgatgaacatggctcatttatggtatttgacatctccaatactggctctataatacctaaaatgcatacatgcagagcccaatgtgaaataacattaaataaagataatgctgaggttatattcacttctgccaaaactaatcattatgaagtttctggaacaacaactgtaaatggttggtttaaacaaactataagcgtttcgttagaacatacttgcgagcatataattgcaagctgcggacaaaaatcattaaaattccatgcatgttttagacagcatcgttcatgcgttagattctttagaaatagttatttaccatataaaatgatagaaagtttatgtataaatatagaattaattattatattatgttacgctttattatgctttatttttgcttacattattacaaagacatatatagcttacttattaattcctttgttctatcctataacatacatatatggaaaaatatataataaatattttaagaggtgtaaatcctgtttgctagctgttcacccattaactaactgcaataaaacatgcgtgtgtggatgccgattcaattcaacagaagcactcaaagtacatagattaggtaaagattgtaatggtttcaaagcattaagtaaagctagattcttatgcaaatctacagggccttcttttactatctgctttttaacaggaatgcttattttaagctttattacgccaattaattctgaaaagttatataaattagaagaacttccagatgattatattaatttagaaaatcaattatctgaatgcaacaataataagcaaataactagagctttagctgttgcttgcatattagggaatattctattcgtattatttttcaaatttatttacaataaactaatcaacaatatatataggacatgcaatctatgtaatatggtccatcatagaaagaatttaaaaatctatagtgaatttactaataaatgcggtacatgtgtatgtggatttaatgaagaaataagaagtgggtttgattatgaagtatttataaaagatatgcatatttttagagataattgcttattcaaattttactcaaaatattcaataatatatatatgcattataatcctagtaattaatcttcaattaggaatgacgttagcggaggagacagagactaattgtttaaatctgccaatttctgctcaaacactggatatagtcaaatgttatggtcttaatttaaatataactgaaaataaacaaaaatctgatttaattagtgagttgaaaagtcaaaaaactataactgatcatgacatacctgattttaatataattgatatgaaaacagagtctgcattcgaaaagatcgaaacagcagaaaatatacacagaatggcatttttagaatatatattatataaaatggaatctaaattaaatactattaagactaattcaggaccatataatgtagcatggcgaacatatattaaataccacaacttagatgcatgtggaaaatacccacataagactatatgcacatgtataaatgctcatttgtcttgtagtcagccaacagttgattctaacagcgaaattaagacattttattctaatcatcagtcagcttttaaaaatgatataaatgtgctaattgaaacaatctcaattgcttttagaggaattattaaggtttctataaatttactattaaagaataacaaaatagatgagctcaaggaattgttgaccaacatatcaaaaaaattagacacaaatattcaaatgaaagggattttattgtttacagcagagcagttgaagacacaagagacaactgttaaatctatgcagcaaacaagaatggccataatagtcaaacctttagaatctatgacaggagataaatttgacaattttagtacaaccaatagaaacataacaaaatgcaaagaagctaaatcattaagctgttatatgaccaggaaaaattctataaataaatatctactttgtaacttagatggttataaaatattttcttggccagaaaaacctacactcagtataaacaataatatttgtattggtgactcgcattgtaatttatattttaaaccaatcttaaatgatgaagctataaaaactattaactgctataaaggtgatttcactcctaatccaatggatatgggatctgcaatcaaaaaatgtgaggccaaggagattggcgattgtttagtaggtgataataacatgtggcctattatacaatgcagtaatgaaaagtattattacgctgatgggaagaatcatgccaaagagggagatataaattcatattgtttatcagaaaaatgcaatactgataggtttccaattcataatgaatggtttaaaagttgcaaatggataagtactattaaagagtccatttctgttaaagaatttgttcatttagatatagaatcatataaaaagggcattgagtcagatattagaacagatttaattatacataaattcagacctgtaaaaaacttaccacatatagctccaaagtataaatccataactataagtggtatattagttgcagatggaatacaaaatgcttttgtatctggcgaaatgcctgcaataagtggattgggaataggttataatttgtattcacctgatgggacaaaattgttcgatatagtattgtttttgagaaaggcaatatacaaatcatcatataaattaatttataaaacaggtccaacaataggaattaatgtagaacataatgagcagtgcactggctcatgcccatcaacaattcctaaacaagaaggttggttgaccttttcaaaagaacacacaagccaatggggctgtgaagaatttggatgtttagctatagatactggatgtttatatggttcatgtcaagacattataagaccagaaatgtctatctataaaatgttaggtgaagaaatgacatcaatagaaatatgcttaactactcctaaagaaacatactgtaatgacttagacttgcttgaaccattaattggtgacaaaattgaagttagtttccaaactgtacaatccagtcatatgccaaaaattattgcagttaaaaataataaggtttatactggacaaatcaatgatatagggaatacagcaaatatttgtggatctgtacaaataataaataaaactgttattggtcaaggaaatcctaaatttgactacttatgtcacgcaatgaaaaggaaggatgttatagttaggaaatgttatgataaccattttgagacttgcaaattgttggaagaaagaagtgaaatattgataaatcaacaatcagacacaatagcagcaagtatgagtggaaaaaatttgggaattatgaactttaaatttgcactaggtgatattgattataaaacatttacggaagatgcaagttttgatattaaaggccagtgtgttgggtgtataaattgcatagaagaaattgtatgtgaattaaatattgtaagcacatcatctatattatgtacaattaaaacaccatgtgaaaactaccataattcattagaaattaacccagcaactactaaatatcatattaaaatgtcttgccctcataatatcgacaagatgaaaatcacaatttgttctaaagacttagaaatgccattgacattaaaacagcatgatcaaaaaatagatctatctaaattagatgaatctaattatataaaggaagaagatttaaggtgcagtacatggctttgcaaagttaaagaagaagggataggattcatattttctggtatttttggaaattttggaaaatactggacaatcttcttgattgttttagtaattctggcaactgggctattgggtatatttgtaatttatccatgctgtaaaagattaagaggattcttagaaattaatgatatagcttatttggctgaacaaaaaatgaaataa,103,20,25,81,49,4,4,37,23,7,7,23,82,18,31,71,32,5,9,29,24,0,2,16,2,0,0,1,13,4,3,8,66,14,18,50,23,5,2,23,30,9,10,22,20,4,2,23,1,15,0,45,27,6,3,33,0,33,11,39,68,18,24,51
Utinga virus,Riboviria,FLB01_sMgp1,vertebrates,RNA,linear,NC_043595,YP_009666924_2,atgtttctaatttttattctcatccaaattgctgcgtcgacgccattgtctccgcaacaagttggtgacagatgctttattggtggctctcttattaaagagataaaccaatctactggactaggagaagtatgtataaaagatgatatatccatcatcaaaagtattaacatccaaaagaaaatttcaaatgatcaggttcaaaatactgtcaaattttacaagacttatattgctagagaatggcatgattgcaacccgatatttgatgaacatggctcatttatggtatttgacatctccaatactggctctataatacctaaaatgcatacatgcagagcccaatgtgaaataacattaaataaagataatgctgaggttatattcacttctgccaaaactaatcattatgaagtttctggaacaacaactgtaaatggttggtttaaacaaactataagcgtttcgttagaacatacttgcgagcatataattgcaagctgcggacaaaaatcattaaaattccatgcatgttttagacagcatcgttcatgcgttagattctttagaaatagttatttaccatataaaatgatagaaagtttatgtataaatatagaattaattattatattatgttacgctttattatgctttatttttgcttacattattacaaagacatatatagcttacttattaattcctttgttctatcctataacatacatatatggaaaaatatataataaatattttaagaggtgtaaatcctgtttgctagctgttcacccattaactaactgcaataaaacatgcgtgtgtggatgccgattcaattcaacagaagcactcaaagtacatagattaggtaaagattgtaatggtttcaaagcattaagtaaagctagattcttatgcaaatctacagggccttcttttactatctgctttttaacaggaatgcttattttaagctttattacgccaattaattctgaaaagttatataaattagaagaacttccagatgattatattaatttagaaaatcaattatctgaatgcaacaataataagcaaataactagagctttagctgttgcttgcatattagggaatattctattcgtattatttttcaaatttatttacaataaactaatcaacaatatatataggacatgcaatctatgtaatatggtccatcatagaaagaatttaaaaatctatagtgaatttactaataaatgcggtacatgtgtatgtggatttaatgaagaaataagaagtgggtttgattatgaagtatttataaaagatatgcatatttttagagataattgcttattcaaattttactcaaaatattcaataatatatatatgcattataatcctagtaattaatcttcaattaggaatgacgttagcggaggagacagagactaattgtttaaatctgccaatttctgctcaaacactggatatagtcaaatgttatggtcttaatttaaatataactgaaaataaacaaaaatctgatttaattagtgagttgaaaagtcaaaaaactataactgatcatgacatacctgattttaatataattgatatgaaaacagagtctgcattcgaaaagatcgaaacagcagaaaatatacacagaatggcatttttagaatatatattatataaaatggaatctaaattaaatactattaagactaattcaggaccatataatgtagcatggcgaacatatattaaataccacaacttagatgcatgtggaaaatacccacataagactatatgcacatgtataaatgctcatttgtcttgtagtcagccaacagttgattctaacagcgaaattaagacattttattctaatcatcagtcagcttttaaaaatgatataaatgtgctaattgaaacaatctcaattgcttttagaggaattattaaggtttctataaatttactattaaagaataacaaaatagatgagctcaaggaattgttgaccaacatatcaaaaaaattagacacaaatattcaaatgaaagggattttattgtttacagcagagcagttgaagacacaagagacaactgttaaatctatgcagcaaacaagaatggccataatagtcaaacctttagaatctatgacaggagataaatttgacaattttagtacaaccaatagaaacataacaaaatgcaaagaagctaaatcattaagctgttatatgaccaggaaaaattctataaataaatatctactttgtaacttagatggttataaaatattttcttggccagaaaaacctacactcagtataaacaataatatttgtattggtgactcgcattgtaatttatattttaaaccaatcttaaatgatgaagctataaaaactattaactgctataaaggtgatttcactcctaatccaatggatatgggatctgcaatcaaaaaatgtgaggccaaggagattggcgattgtttagtaggtgataataacatgtggcctattatacaatgcagtaatgaaaagtattattacgctgatgggaagaatcatgccaaagagggagatataaattcatattgtttatcagaaaaatgcaatactgataggtttccaattcataatgaatggtttaaaagttgcaaatggataagtactattaaagagtccatttctgttaaagaatttgttcatttagatatagaatcatataaaaagggcattgagtcagatattagaacagatttaattatacataaattcagacctgtaaaaaacttaccacatatagctccaaagtataaatccataactataagtggtatattagttgcagatggaatacaaaatgcttttgtatctggcgaaatgcctgcaataagtggattgggaataggttataatttgtattcacctgatgggacaaaattgttcgatatagtattgtttttgagaaaggcaatatacaaatcatcatataaattaatttataaaacaggtccaacaataggaattaatgtagaacataatgagcagtgcactggctcatgcccatcaacaattcctaaacaagaaggttggttgaccttttcaaaagaacacacaagccaatggggctgtgaagaatttggatgtttagctatagatactggatgtttatatggttcatgtcaagacattataagaccagaaatgtctatctataaaatgttaggtgaagaaatgacatcaatagaaatatgcttaactactcctaaagaaacatactgtaatgacttagacttgcttgaaccattaattggtgacaaaattgaagttagtttccaaactgtacaatccagtcatatgccaaaaattattgcagttaaaaataataaggtttatactggacaaatcaatgatatagggaatacagcaaatatttgtggatctgtacaaataataaataaaactgttattggtcaaggaaatcctaaatttgactacttatgtcacgcaatgaaaaggaaggatgttatagttaggaaatgttatgataaccattttgagacttgcaaattgttggaagaaagaagtgaaatattgataaatcaacaatcagacacaatagcagcaagtatgagtggaaaaaatttgggaattatgaactttaaatttgcactaggtgatattgattataaaacatttacggaagatgcaagttttgatattaaaggccagtgtgttgggtgtataaattgcatagaagaaattgtatgtgaattaaatattgtaagcacatcatctatattatgtacaattaaaacaccatgtgaaaactaccataattcattagaaattaacccagcaactactaaatatcatattaaaatgtcttgccctcataatatcgacaagatgaaaatcacaatttgttctaaagacttagaaatgccattgacattaaaacagcatgatcaaaaaatagatctatctaaattagatgaatctaattatataaaggaagaagatttaaggtgcagtacatggctttgcaaagttaaagaagaagggataggattcatattttctggtatttttggaaattttggaaaatactggacaatcttcttgattgttttagtaattctggcaactgggctattgggtatatttgtaatttatccatgctgtaaaagattaagaggattcttagaaattaatgatatagcttatttggctgaacaaaaaatgaaataa,103,20,25,81,49,4,4,37,23,7,7,23,82,18,31,71,32,5,9,29,24,0,2,16,2,0,0,1,13,4,3,8,66,14,18,50,23,5,2,23,30,9,10,22,20,4,2,23,1,15,0,45,27,6,3,33,0,33,11,39,68,18,24,51
Utinga virus,Riboviria,FLB01_sSgp1,vertebrates,RNA,linear,NC_043596,YP_009666925_3,atggcagaatttgtatttaatgatgtcccccagaggtctacatcaacatttgacccagaggtggcctatgctacttttgaagcagcatttcgccagactctaaatgtcaatgttgttagagtgttctttttaaaccaaaagaatgctaaaaatgttttgagaaaaacctcaagaccaaatgtggacttgacatttgggggtgcaacctttccaattgtcaacaaccattttcctcaatttcaatcaaatccagtccctgacaacggactcactctccatagattgtcaggctatttagctagatggtctatggatcaaatgcgaaccaacccaattcgtcaagctgaatttagggctgctgtagtagtccctcttgctgaaattaaggggtgcacttggaatgatggtgatgctatgtacttagcctttgctgcaggagctgaaatgtttttaaacacctttacttttttcccgctggttattgagatgcacagagtcctcaaggatggcatggatgttaatttcatgaggaaagtactaagacaaagatatgggacaaaaacagctgagcaatggatgaaggacgaaattatcccaatcaaggcagcctttgaagctgttggtatgctgagctgggctagaactggattctctcctgctgcaagagacttcttgcgccaatttggaatcaatgtctaa,4,6,5,10,5,4,0,6,10,1,3,0,0,3,10,5,8,1,2,2,6,1,1,4,1,2,0,1,2,3,2,1,7,5,3,6,7,3,0,14,4,2,3,3,4,7,3,6,1,1,0,3,4,0,0,3,0,1,4,0,4,5,4,17
Utinga virus,Riboviria,FLB01_sSgp1,vertebrates,RNA,linear,NC_043596,YP_009666925_3,atggcagaatttgtatttaatgatgtcccccagaggtctacatcaacatttgacccagaggtggcctatgctacttttgaagcagcatttcgccagactctaaatgtcaatgttgttagagtgttctttttaaaccaaaagaatgctaaaaatgttttgagaaaaacctcaagaccaaatgtggacttgacatttgggggtgcaacctttccaattgtcaacaaccattttcctcaatttcaatcaaatccagtccctgacaacggactcactctccatagattgtcaggctatttagctagatggtctatggatcaaatgcgaaccaacccaattcgtcaagctgaatttagggctgctgtagtagtccctcttgctgaaattaaggggtgcacttggaatgatggtgatgctatgtacttagcctttgctgcaggagctgaaatgtttttaaacacctttacttttttcccgctggttattgagatgcacagagtcctcaaggatggcatggatgttaatttcatgaggaaagtactaagacaaagatatgggacaaaaacagctgagcaatggatgaaggacgaaattatcccaatcaaggcagcctttgaagctgttggtatgctgagctgggctagaactggattctctcctgctgcaagagacttcttgcgccaatttggaatcaatgtctaa,4,6,5,10,5,4,0,6,10,1,3,0,0,3,10,5,8,1,2,2,6,1,1,4,1,2,0,1,2,3,2,1,7,5,3,6,7,3,0,14,4,2,3,3,4,7,3,6,1,1,0,3,4,0,0,3,0,1,4,0,4,5,4,17
Utinga virus,Riboviria,FLB01_sSgp1,vertebrates,RNA,linear,NC_043596,YP_009666925_3,atggcagaatttgtatttaatgatgtcccccagaggtctacatcaacatttgacccagaggtggcctatgctacttttgaagcagcatttcgccagactctaaatgtcaatgttgttagagtgttctttttaaaccaaaagaatgctaaaaatgttttgagaaaaacctcaagaccaaatgtggacttgacatttgggggtgcaacctttccaattgtcaacaaccattttcctcaatttcaatcaaatccagtccctgacaacggactcactctccatagattgtcaggctatttagctagatggtctatggatcaaatgcgaaccaacccaattcgtcaagctgaatttagggctgctgtagtagtccctcttgctgaaattaaggggtgcacttggaatgatggtgatgctatgtacttagcctttgctgcaggagctgaaatgtttttaaacacctttacttttttcccgctggttattgagatgcacagagtcctcaaggatggcatggatgttaatttcatgaggaaagtactaagacaaagatatgggacaaaaacagctgagcaatggatgaaggacgaaattatcccaatcaaggcagcctttgaagctgttggtatgctgagctgggctagaactggattctctcctgctgcaagagacttcttgcgccaatttggaatcaatgtctaa,4,6,5,10,5,4,0,6,10,1,3,0,0,3,10,5,8,1,2,2,6,1,1,4,1,2,0,1,2,3,2,1,7,5,3,6,7,3,0,14,4,2,3,3,4,7,3,6,1,1,0,3,4,0,0,3,0,1,4,0,4,5,4,17
