virus,realm,locus_tag,host,accession,protein_id,coding,AAA,AAC,AAG,AAT,ACA,ACC,ACG,ACT,AGA,AGC,AGG,AGT,ATA,ATC,ATG,ATT,CAA,CAC,CAG,CAT,CCA,CCC,CCG,CCT,CGA,CGC,CGG,CGT,CTA,CTC,CTG,CTT,GAA,GAC,GAG,GAT,GCA,GCC,GCG,GCT,GGA,GGC,GGG,GGT,GTA,GTC,GTG,GTT,TAA,TAC,TAG,TAT,TCA,TCC,TCG,TCT,TGA,TGC,TGG,TGT,TTA,TTC,TTG,TTT
Cotton leaf curl Bangalore virus,Monodnaviria,CLCuBVp1,land plants,NC_007290,YP_277435_1,atgtgggatccactgttaaacgagttccccgagacggaacacgggtttcgttgcgtgcttgctatcaaatatcttcaacaattgtctgaagaatactcccctgatacgctaggttacgatttaatccgcgatttaatgtcaattttgcgttctaggaattatgtcgaagcgtcctgccgatatcgtcatttctacccccgcgtcgaaggtgcgtcggcgtctgaacttcgacagcccttatgcaacccgtgcagttgtccccactgtccgcgtcacaaaatctcgcatgtgggcgaacaggcccatgaaccgcaagcccagaatgtacaggatgtacagaagccttga,2,2,1,2,0,0,2,0,0,0,1,1,0,3,2,1,3,3,5,3,1,4,3,2,2,2,0,4,1,0,1,3,8,0,2,5,0,2,3,1,0,1,1,2,2,2,2,0,0,3,0,3,1,2,2,3,1,4,1,2,4,2,2,1
Cotton leaf curl Bangalore virus,Monodnaviria,CLCuBVp2,land plants,NC_007290,YP_277436_2,atgtcgaagcgtcctgccgatatcgtcatttctacccccgcgtcgaaggtgcgtcggcgtctgaacttcgacagcccttatgcaacccgtgcagttgtccccactgtccgcgtcacaaaatctcgcatgtgggcgaacaggcccatgaaccgcaagcccagaatgtacaggatgtacagaagccttgatgttccaagaggctgtgagggtccatgtaaggtccagtcgtttgagtctagacacgatgtagtccatataggtaaggtcatgtgcattagtgatgttacacgtggtactgggttaacccatagagttggtaagcgtttttgtgtgaagtctgtctatgttttgggcaagatatggatggatgagaacatcaagaccaagaatcacacgaacagtgtcattttttttcttgttcgtgaccgtcgtcctgttgacaagccacaagattttggagaggtgttcaatatgtttgacaacgagcctagtactgctacggtgaagaatatgcatagagatcgttatcaggtgctgaggaagtggcatgcaactgttactggtggacagtacgcctcaaaggaacaggcattagttaagaagtttgttagggttaataattatgttgtttataaccagcaagaggctgggaactatgagaatcattctgagaatgctttgatgttgtatatggcatgtacccatgcctcaaatcctgtatacgctacgcttaagatccgtatttatttctatgattccgtaaccaattga,1,8,17,9,2,6,3,5,6,2,4,3,2,3,11,4,2,2,5,6,3,4,0,5,0,3,1,11,0,0,2,3,1,4,8,8,5,3,2,4,2,2,2,5,3,9,5,13,0,4,0,9,2,1,3,5,1,1,3,4,2,3,3,7
Cotton leaf curl Bangalore virus,Monodnaviria,CLCuBVp3,land plants,NC_007290,YP_277437_3,atggattcacgcacaggggaacccatcactgcagctcaagcatggagtggcgtctatatctcggaagttccaaatcccctatatttcaagatcctaagcctccccaaccggccattcacaaacaacatggacataataacgatcagaatccaattcaattacaaccttcggagagctctgggagtgcacaagtgttttctgaccttccgaatctggacgaccttacaccctccgactggtcttttcttaagggtattcaaaacacaggtcctcaagtacctcaacaatctaggtgtaatctcaattaattcaattattagagcagttgatcatgtattgtacaagaaaatagaaaacaccatgtttgtagaccaaacttcagaaataaaattcgatctttattaa,3,6,4,4,3,3,2,3,3,1,1,1,4,7,3,3,3,2,1,1,2,3,1,1,1,1,2,0,3,3,2,3,4,2,0,3,3,0,0,2,1,1,1,2,4,2,1,2,1,3,0,3,4,0,1,0,0,0,2,1,2,7,1,2
Cotton leaf curl Bangalore virus,Monodnaviria,CLCuBVp4,land plants,NC_007290,YP_277438_4,atgcgatcttcatcacccttgaaggaccattgtactcaggtaccaatcaaagttcagcacagggaagcgaagagacgcaacaggaggaggagagtagatcttgaatgcgggtgttcttattatttgtctatcaactgccacaaccatggattcacgcacaggggaacccatcactgcagctcaagcatggagtggcgtctatatctcggaagttccaaatcccctatatttcaagatcctaagcctccccaaccggccattcacaaacaacatggacataataacgatcagaatccaattcaattacaaccttcggagagctctgggagtgcacaagtgttttctgaccttccgaatctggacgaccttacaccctccgactggtcttttcttaagggtattcaaaacacaggtcctcaagtacctcaacaatctaggtgtaatctcaattaa,3,5,4,5,2,1,1,1,2,3,6,2,1,2,2,3,10,5,3,5,2,3,2,6,1,1,0,1,1,2,1,4,2,5,2,3,1,1,1,0,4,0,2,2,3,0,1,1,1,0,0,3,3,3,1,7,0,3,2,3,1,1,2,3
Cotton leaf curl Bangalore virus,Monodnaviria,CLCuBVp5,land plants,NC_007290,YP_277439_5,atgcatccgaaacgttttcttattaattccaaaaattatttcctcacttatccaaattgctctcttacaaaagaagaagcactttcccaacttcaaaacctacaaactcctacaaataaaaaattcatcaagatctgcagagagctccatgaaaatggggaacctcatattcacgtgctcatccagttcgaagggaagtacaagtgccaaaatcagagattcttcgacctggtatccccaaccaggtcagcacatttccatccgaacattcagggagctaaatcaagctcagatgtcaaggactacatcgacaaggacggagacactctcgagtggggagagtttcagatcgatggaagatcagcaagaggaggacaacagacagccaacgacgcttacgccgcagcgcttaacgcgggaagtaagtcagaggctcttagagtcattaaggaactagctcctaaagattttgtactacaatttcataatttaaatgcaaatctagacaggatctttcaggagccaccagctccttatgtttctcctttttctttttcttcttttgatcaagttccagaagaacttgaagtttgggccatcgataacgttgtcgatgccgctgcgcggccccttagacctcgaagtatagtaattgagggagatagtcgaacggggaagacgatgtgggccagatcactgggaccacataactatttatgcggacatctggacctgagtcccaaggtctacaataacgacgcctggtataacgtcattgatgacgtcgatccgcatttcctcaagcactttaaggagttcatgggggcccaaagggactggcaatccaacacaaagtacgggaagccagttcaaattaaaggcgggataccgacaatcttcctctgcaatccaggtcccaacagcagttataaagaatttctcgacgaggaaaagaacacagcactaaagaactgggcagtaaagaatgcgatcttcatcacccttgaaggaccattgtactcaggtaccaatcaaagttcagcacagggaagcgaagagacgcaacaggaggaggagagtagatcttga,9,12,16,13,6,3,3,3,8,3,3,7,2,10,3,7,12,2,8,9,9,3,4,6,2,0,1,1,5,7,4,9,13,12,12,9,8,7,4,6,12,1,6,2,4,6,1,5,0,6,0,6,8,4,0,6,1,5,6,0,2,10,1,10
Cotton leaf curl Bangalore virus,Monodnaviria,CLCuBVp6,land plants,NC_007290,YP_277440_6,atggggaacctcatattcacgtgctcatccagttcgaagggaagtacaagtgccaaaatcagagattcttcgacctggtatccccaaccaggtcagcacatttccatccgaacattcagggagctaaatcaagctcagatgtcaaggactacatcgacaaggacggagacactctcgagtggggagagtttcagatcgatggaagatcagcaagaggaggacaacagacagccaacgacgcttacgccgcagcgcttaacgcgggaagtaagtcagaggctcttagagtcattaaggaactag,1,3,1,1,5,1,6,1,3,0,5,6,1,2,3,1,3,1,6,0,2,1,1,0,1,1,1,0,1,3,0,1,2,1,6,2,0,1,0,1,1,0,2,1,1,0,0,0,0,0,1,1,3,2,5,1,0,1,1,0,3,3,0,0
